# Created at Thu Dec 04 21:57:27 GMT+08:00 2025 in Burnaby Canada 
138703946709479 0.000000 0.000000 0.000000 
138703966588646 0.000000 0.000000 0.000000 
138703986467813 0.000000 0.000000 0.000000 
138704006346979 0.000000 0.000000 0.000000 
138704026226146 0.000000 0.000000 0.000000 
138704046105313 0.000000 0.000000 0.000000 
138704065984479 0.000000 0.000000 0.000000 
138704085863646 0.000000 0.000000 0.000000 
138704105742813 0.000000 0.000000 0.000000 
138704125621979 0.000000 0.000000 0.000000 
138704145501146 0.000000 0.000000 0.000000 
138704165380313 0.000000 0.000000 0.000000 
138704185259479 0.000000 0.000000 0.000000 
138704205138646 0.000000 0.000000 0.000000 
138704225017813 0.000000 0.000000 0.000000 
138704244896979 0.000000 0.000000 0.000000 
138704264776146 0.000000 0.000000 0.000000 
138704284655313 0.000000 0.000000 0.000000 
138704304534479 0.000000 0.000000 0.000000 
138704324413646 0.000000 0.000000 0.000000 
138704344292813 0.000000 0.000000 0.000000 
138704364171979 0.000000 0.000000 0.000000 
138704384051146 0.000000 0.000000 0.000000 
138704403930313 0.000000 0.000000 0.000000 
138704423809507 0.000000 0.000000 0.000000 
138704443688674 0.000000 0.000000 0.000000 
138704463567841 0.000000 0.000000 0.000000 
138704483447007 0.000000 0.000000 0.000000 
138704503326174 0.000000 0.000000 0.000000 
138704523205341 0.000000 0.000000 0.000000 
138704543084507 0.000000 0.000000 0.000000 
138704562963674 0.000000 0.000000 0.000000 
138704582842841 0.000000 0.000000 0.000000 
138704602722007 0.000000 0.000000 0.000000 
138704622601174 0.000000 0.000000 0.000000 
138704642480341 0.000000 0.000000 0.000000 
138704662359507 0.000000 0.000000 0.000000 
138704682238674 0.000000 0.000000 0.000000 
138704702117841 0.000000 0.000000 0.000000 
138704721997007 0.000000 0.000000 0.000000 
138704741876174 0.000000 0.000000 0.000000 
138704761755341 0.000000 0.000000 0.000000 
138704781634507 0.000000 0.000000 0.000000 
138704801513674 0.000000 0.000000 0.000000 
138704821392841 0.000000 0.000000 0.000000 
138704841272007 0.000000 0.000000 0.000000 
138704861151174 0.000000 0.000000 0.000000 
138704881030341 0.000000 0.000000 0.000000 
138704900909507 0.000000 0.000000 0.000000 
138704920788674 0.000000 0.000000 0.000000 
138704940667841 0.000000 0.000000 0.000000 
138704960547007 0.000000 0.000000 0.000000 
138704980426174 0.000000 0.000000 0.000000 
138705000305341 0.000000 0.000000 0.000000 
138705020184768 0.000000 0.000000 0.000000 
138705040064976 0.000000 0.000000 0.000000 
138705059945184 0.000000 0.000000 0.000000 
138705079825393 0.000000 0.000000 0.000000 
138705099705601 0.000000 0.000000 0.000000 
138705119585809 0.000000 0.000000 0.000000 
138705139466018 0.000000 0.000000 0.000000 
138705159346226 0.000000 0.000000 0.000000 
138705179226434 0.000000 0.000000 0.000000 
138705199106643 0.000000 0.000000 0.000000 
138705218985809 0.000000 0.000000 0.000000 
138705238864976 0.000000 0.000000 0.000000 
138705258744143 0.000000 0.000000 0.000000 
138705278623309 0.000000 0.000000 0.000000 
138705298502476 0.000000 0.000000 0.000000 
138705318381643 0.000000 0.000000 0.000000 
138705338260809 0.000000 0.000000 0.000000 
138705358139976 0.000000 0.000000 0.000000 
138705378019143 0.000000 0.000000 0.000000 
138705397898309 0.000000 0.000000 0.000000 
138705417777476 0.000000 0.000000 0.000000 
138705437656643 0.000000 0.000000 0.000000 
138705457535809 0.000000 0.000000 0.000000 
138705477414976 0.000000 0.000000 0.000000 
138705497294143 0.000000 0.000000 0.000000 
138705517174143 0.000000 0.000000 0.000000 
138705537051226 0.000000 0.000000 0.000000 
138705556928309 0.000000 0.000000 0.000000 
138705576805393 0.000000 0.000000 0.000000 
138705596682476 0.000000 0.000000 0.000000 
138705616559559 0.000000 0.000000 0.000000 
138705636436851 0.000000 0.000000 0.000000 
138705656315705 0.000000 0.000000 0.000000 
138705676194872 0.000000 0.000000 0.000000 
138705696074039 0.000000 0.000000 0.000000 
138705715953205 0.000000 0.000000 0.000000 
138705735832372 0.000000 0.000000 0.000000 
138705755711539 0.000000 0.000000 0.000000 
138705775590705 0.000000 0.000000 0.000000 
138705795469872 0.000000 0.000000 0.000000 
138705815349039 0.000000 0.000000 0.000000 
138705835228205 0.000000 0.000000 0.000000 
138705855107372 0.000000 0.000000 0.000000 
138705874986539 0.000000 0.000000 0.000000 
138705894865705 0.000000 0.000000 0.000000 
138705914744872 0.000000 0.000000 0.000000 
138705934624039 0.000000 0.000000 0.000000 
138705954503205 0.000000 0.000000 0.000000 
138705974382372 0.000000 0.000000 0.000000 
138705994261539 0.000000 0.000000 0.000000 
138706014143622 0.000000 0.000000 0.000000 
138706034032476 0.000000 0.000000 0.000000 
138706053911643 0.000000 0.000000 0.000000 
138706073790809 0.000000 0.000000 0.000000 
138706093669976 0.000000 0.000000 0.000000 
138706113549143 0.000000 0.000000 0.000000 
138706133428309 0.000000 0.000000 0.000000 
138706153307476 0.000000 0.000000 0.000000 
138706173186643 0.000000 0.000000 0.000000 
138706193065809 0.000000 0.000000 0.000000 
138706212944976 0.000000 0.000000 0.000000 
138706232824143 0.000000 0.000000 0.000000 
138706252703309 0.000000 0.000000 0.000000 
138706272582476 0.000000 0.000000 0.000000 
138706292461643 0.000000 0.000000 0.000000 
138706312340809 0.000000 0.000000 0.000000 
138706332219976 0.000000 0.000000 0.000000 
138706352099143 0.000000 0.000000 0.000000 
138706371978309 0.000000 0.000000 0.000000 
138706391857476 0.000000 0.000000 0.000000 
138706411736643 0.000000 0.000000 0.000000 
138706431615809 0.000000 0.000000 0.000000 
138706451494976 0.000000 0.000000 0.000000 
138706471374143 0.000000 0.000000 0.000000 
138706491253309 0.000000 0.000000 0.000000 
138706511133153 0.000000 0.000000 0.000000 
138706531010861 0.000000 0.000000 0.000000 
138706550886903 0.000000 0.000000 0.000000 
138706570762945 0.000000 0.000000 0.000000 
138706590638986 0.000000 0.000000 0.000000 
138706610515445 0.000000 0.000000 0.000000 
138706630393882 0.000000 0.000000 0.000000 
138706650274403 0.000000 0.000000 0.000000 
138706670155653 0.000000 0.000000 0.000000 
138706690036903 0.000000 0.000000 0.000000 
138706709918153 0.000000 0.000000 0.000000 
138706729799403 0.000000 0.000000 0.000000 
138706749680653 0.000000 0.000000 0.000000 
138706769561903 0.000000 0.000000 0.000000 
138706789441278 0.000000 0.000000 0.000000 
138706809320445 0.000000 0.000000 0.000000 
138706829199611 0.000000 0.000000 0.000000 
138706849078778 0.000000 0.000000 0.000000 
138706868957945 0.000000 0.000000 0.000000 
138706888837111 0.000000 0.000000 0.000000 
138706908716278 0.000000 0.000000 0.000000 
138706928595445 0.000000 0.000000 0.000000 
138706948474611 0.000000 0.000000 0.000000 
138706968353778 0.000000 0.000000 0.000000 
138706988232945 0.000000 0.000000 0.000000 
138707008112111 0.000000 0.000000 0.000000 
138707027843466 0.000000 0.000000 0.000000 
138707047592216 0.000000 0.000000 0.000000 
138707067392945 0.000000 0.000000 0.000000 
138707087254195 0.000000 0.000000 0.000000 
138707107173882 0.000000 0.000000 0.000000 
138707127141695 0.000000 0.000000 0.000000 
138707147140236 0.000000 0.000000 0.000000 
138707167131591 0.000000 0.000000 0.000000 
138707187024507 0.000000 0.000000 0.000000 
138707206903674 0.000000 0.000000 0.000000 
138707226782841 0.000000 0.000000 0.000000 
138707246662007 0.000000 0.000000 0.000000 
138707266541174 0.000000 0.000000 0.000000 
138707286420341 0.000000 0.000000 0.000000 
138707306299507 0.000000 0.000000 0.000000 
138707326178674 0.000000 0.000000 0.000000 
138707346057841 0.000000 0.000000 0.000000 
138707365937007 0.000000 0.000000 0.000000 
138707385816174 0.000000 0.000000 0.000000 
138707405695341 0.000000 0.000000 0.000000 
138707425574507 0.000000 0.000000 0.000000 
138707445453674 0.000000 0.000000 0.000000 
138707465332841 0.000000 0.000000 0.000000 
138707485212007 0.000000 0.000000 0.000000 
138707505091174 0.000000 0.000000 0.000000 
138707524970028 0.000000 0.000000 0.000000 
138707544845028 0.000000 0.000000 0.000000 
138707564720028 0.000000 0.000000 0.000000 
138707584595132 0.000000 0.000000 0.000000 
138707604471903 0.000000 0.000000 0.000000 
138707624350757 0.000000 0.000000 0.000000 
138707644231695 0.000000 0.000000 0.000000 
138707664113986 0.000000 0.000000 0.000000 
138707683996278 0.000000 0.000000 0.000000 
138707703878570 0.000000 0.000000 0.000000 
138707723760757 0.000000 0.000000 0.000000 
138707743640757 0.000000 0.000000 0.000000 
138707763519924 0.000000 0.000000 0.000000 
138707783399091 0.000000 0.000000 0.000000 
138707803278257 0.000000 0.000000 0.000000 
138707823157424 0.000000 0.000000 0.000000 
138707843036591 0.000000 0.000000 0.000000 
138707862915757 0.000000 0.000000 0.000000 
138707882794924 0.000000 0.000000 0.000000 
138707902674091 0.000000 0.000000 0.000000 
138707922553257 0.000000 0.000000 0.000000 
138707942432424 0.000000 0.000000 0.000000 
138707962311591 0.000000 0.000000 0.000000 
138707982190757 0.000000 0.000000 0.000000 
138708002069924 0.000000 0.000000 0.000000 
138708021847841 0.000000 0.000000 0.000000 
138708041583778 0.000000 0.000000 0.000000 
138708061367528 0.000000 0.000000 0.000000 
138708081210341 0.000000 0.000000 0.000000 
138708101113361 0.000000 0.000000 0.000000 
138708121068466 0.000000 0.000000 0.000000 
138708141060236 0.000000 0.000000 0.000000 
138708161067320 0.000000 0.000000 0.000000 
138708180982320 0.000000 0.000000 0.000000 
138708200861486 0.000000 0.000000 0.000000 
138708220740653 0.000000 0.000000 0.000000 
138708240619820 0.000000 0.000000 0.000000 
138708260498986 0.000000 0.000000 0.000000 
138708280378153 0.000000 0.000000 0.000000 
138708300257320 0.000000 0.000000 0.000000 
138708320136486 0.000000 0.000000 0.000000 
138708340015653 0.000000 0.000000 0.000000 
138708359894820 0.000000 0.000000 0.000000 
138708379773986 0.000000 0.000000 0.000000 
138708399653153 0.000000 0.000000 0.000000 
138708419532320 0.000000 0.000000 0.000000 
138708439411486 0.000000 0.000000 0.000000 
138708459290653 0.000000 0.000000 0.000000 
138708479169820 0.000000 0.000000 0.000000 
138708499048986 0.000000 0.000000 0.000000 
138708518928153 0.000000 0.000000 0.000000 
138708538807320 0.000000 0.000000 0.000000 
138708558686486 0.000000 0.000000 0.000000 
138708578565653 0.000000 0.000000 0.000000 
138708598444820 0.000000 0.000000 0.000000 
138708618323986 0.000000 0.000000 0.000000 
138708638203153 0.000000 0.000000 0.000000 
138708658082320 0.000000 0.000000 0.000000 
138708677961486 0.000000 0.000000 0.000000 
138708697840653 0.000000 0.000000 0.000000 
138708717719820 0.000000 0.000000 0.000000 
138708737598986 0.000000 0.000000 0.000000 
138708757478153 0.000000 0.000000 0.000000 
138708777357320 0.000000 0.000000 0.000000 
138708797236486 0.000000 0.000000 0.000000 
138708817115653 0.000000 0.000000 0.000000 
138708836994820 0.000000 0.000000 0.000000 
138708856873986 0.000000 0.000000 0.000000 
138708876753153 0.000000 0.000000 0.000000 
138708896632320 0.000000 0.000000 0.000000 
138708916511486 0.000000 0.000000 0.000000 
138708936390653 0.000000 0.000000 0.000000 
138708956269820 0.000000 0.000000 0.000000 
138708976148986 0.000000 0.000000 0.000000 
138708996028153 0.000000 0.000000 0.000000 
138709015909039 0.000000 0.000000 0.000000 
138709035782997 0.000000 0.000000 0.000000 
138709055656955 0.000000 0.000000 0.000000 
138709075531747 0.000000 0.000000 0.000000 
138709095408622 0.000000 0.000000 0.000000 
138709115287580 0.000000 0.000000 0.000000 
138709135168622 0.000000 0.000000 0.000000 
138709155050914 0.000000 0.000000 0.000000 
138709174933205 0.000000 0.000000 0.000000 
138709194815497 0.000000 0.000000 0.000000 
138709214697632 0.000000 0.000000 0.000000 
138709234577528 0.000000 0.000000 0.000000 
138709254456695 0.000000 0.000000 0.000000 
138709274335861 0.000000 0.000000 0.000000 
138709294215028 0.000000 0.000000 0.000000 
138709314094195 0.000000 0.000000 0.000000 
138709333973361 0.000000 0.000000 0.000000 
138709353852528 0.000000 0.000000 0.000000 
138709373731695 0.000000 0.000000 0.000000 
138709393610861 0.000000 0.000000 0.000000 
138709413490028 0.000000 0.000000 0.000000 
138709433369195 0.000000 0.000000 0.000000 
138709453248361 0.000000 0.000000 0.000000 
138709473127528 0.000000 0.000000 0.000000 
138709493006695 0.000000 0.000000 0.000000 
138709512859611 0.000000 0.000000 0.000000 
138709532579716 0.000000 0.000000 0.000000 
138709552339924 0.000000 0.000000 0.000000 
138709572155236 0.000000 0.000000 0.000000 
138709592031851 0.000000 0.000000 0.000000 
138709611965080 0.000000 0.000000 0.000000 
138709631942789 0.000000 0.000000 0.000000 
138709651946018 0.000000 0.000000 0.000000 
138709671916799 0.000000 0.000000 0.000000 
138709691798257 0.000000 0.000000 0.000000 
138709711677424 0.000000 0.000000 0.000000 
138709731556591 0.000000 0.000000 0.000000 
138709751435757 0.000000 0.000000 0.000000 
138709771314924 0.000000 0.000000 0.000000 
138709791194091 0.000000 0.000000 0.000000 
138709811073257 0.000000 0.000000 0.000000 
138709830952424 0.000000 0.000000 0.000000 
138709850831591 0.000000 0.000000 0.000000 
138709870710757 0.000000 0.000000 0.000000 
138709890589924 0.000000 0.000000 0.000000 
138709910469091 0.000000 0.000000 0.000000 
138709930348257 0.000000 0.000000 0.000000 
138709950227424 0.000000 0.000000 0.000000 
138709970106591 0.000000 0.000000 0.000000 
138709989985757 0.000000 0.000000 0.000000 
138710009864924 0.000000 0.000000 0.000000 
138710029588882 0.000000 0.000000 0.000000 
138710049340132 0.000000 0.000000 0.000000 
138710069144611 0.000000 0.000000 0.000000 
138710089009924 0.000000 0.000000 0.000000 
138710108932945 0.000000 0.000000 0.000000 
138710128902632 0.000000 0.000000 0.000000 
138710148901278 0.000000 0.000000 0.000000 
138710168887007 0.000000 0.000000 0.000000 
138710188777216 0.000000 0.000000 0.000000 
138710208656382 0.000000 0.000000 0.000000 
138710228535549 0.000000 0.000000 0.000000 
138710248414716 0.000000 0.000000 0.000000 
138710268293882 0.000000 0.000000 0.000000 
138710288173049 0.000000 0.000000 0.000000 
138710308052216 0.000000 0.000000 0.000000 
138710327931382 0.000000 0.000000 0.000000 
138710347810549 0.000000 0.000000 0.000000 
138710367689716 0.000000 0.000000 0.000000 
138710387568882 0.000000 0.000000 0.000000 
138710407448049 0.000000 0.000000 0.000000 
138710427327216 0.000000 0.000000 0.000000 
138710447206382 0.000000 0.000000 0.000000 
138710467085549 0.000000 0.000000 0.000000 
138710486964716 0.000000 0.000000 0.000000 
138710506843882 0.000000 0.000000 0.000000 
138710526581486 0.000000 0.000000 0.000000 
138710546316434 0.000000 0.000000 0.000000 
138710566106539 0.000000 0.000000 0.000000 
138710585961174 0.000000 0.000000 0.000000 
138710605878622 0.000000 0.000000 0.000000 
138710625848049 0.000000 0.000000 0.000000 
138710645851695 0.000000 0.000000 0.000000 
138710665856070 0.000000 0.000000 0.000000 
138710685756382 0.000000 0.000000 0.000000 
138710705635549 0.000000 0.000000 0.000000 
138710725514716 0.000000 0.000000 0.000000 
138710745393882 0.000000 0.000000 0.000000 
138710765273049 0.000000 0.000000 0.000000 
138710785152216 0.000000 0.000000 0.000000 
138710805031382 0.000000 0.000000 0.000000 
138710824910549 0.000000 0.000000 0.000000 
138710844789716 0.000000 0.000000 0.000000 
138710864668882 0.000000 0.000000 0.000000 
138710884548049 0.000000 0.000000 0.000000 
138710904427216 0.000000 0.000000 0.000000 
138710924306382 0.000000 0.000000 0.000000 
138710944185549 0.000000 0.000000 0.000000 
138710964064716 0.000000 0.000000 0.000000 
138710983943882 0.000000 0.000000 0.000000 
138711003823049 0.000000 0.000000 0.000000 
138711023653674 0.000000 0.000000 0.000000 
138711043469299 0.000000 0.000000 0.000000 
138711063305757 0.000000 0.000000 0.000000 
138711083168778 0.000000 0.000000 0.000000 
138711103058361 0.000000 0.000000 0.000000 
138711122970861 0.000000 0.000000 0.000000 
138711142900028 0.000000 0.000000 0.000000 
138711162835966 0.000000 0.000000 0.000000 
138711182735966 0.000000 0.000000 0.000000 
138711202615132 0.000000 0.000000 0.000000 
138711222494299 0.000000 0.000000 0.000000 
138711242373466 0.000000 0.000000 0.000000 
138711262252632 0.000000 0.000000 0.000000 
138711282131799 0.000000 0.000000 0.000000 
138711302010966 0.000000 0.000000 0.000000 
138711321890132 0.000000 0.000000 0.000000 
138711341769299 0.000000 0.000000 0.000000 
138711361648466 0.000000 0.000000 0.000000 
138711381527632 0.000000 0.000000 0.000000 
138711401406799 0.000000 0.000000 0.000000 
138711421285966 0.000000 0.000000 0.000000 
138711441165132 0.000000 0.000000 0.000000 
138711461044299 0.000000 0.000000 0.000000 
138711480923466 0.000000 0.000000 0.000000 
138711500802632 0.000000 0.000000 0.000000 
138711520681799 0.000000 0.000000 0.000000 
138711540560966 0.000000 0.000000 0.000000 
138711560440132 0.000000 0.000000 0.000000 
138711580319299 0.000000 0.000000 0.000000 
138711600198466 0.000000 0.000000 0.000000 
138711620077632 0.000000 0.000000 0.000000 
138711639956799 0.000000 0.000000 0.000000 
138711659835966 0.000000 0.000000 0.000000 
138711679715132 0.000000 0.000000 0.000000 
138711699594299 0.000000 0.000000 0.000000 
138711719473466 0.000000 0.000000 0.000000 
138711739352632 0.000000 0.000000 0.000000 
138711759231799 0.000000 0.000000 0.000000 
138711779110966 0.000000 0.000000 0.000000 
138711798990132 0.000000 0.000000 0.000000 
138711818869299 0.000000 0.000000 0.000000 
138711838748466 0.000000 0.000000 0.000000 
138711858627632 0.000000 0.000000 0.000000 
138711878506799 0.000000 0.000000 0.000000 
138711898385966 0.000000 0.000000 0.000000 
138711918265132 0.000000 0.000000 0.000000 
138711938144299 0.000000 0.000000 0.000000 
138711958023466 0.000000 0.000000 0.000000 
138711977902632 0.000000 0.000000 0.000000 
138711997781799 0.000000 0.000000 0.000000 
138712017661851 0.000000 0.000000 0.000000 
138712037541643 0.000000 0.000000 0.000000 
138712057420809 0.000000 0.000000 0.000000 
138712077299976 0.000000 0.000000 0.000000 
138712097179143 0.000000 0.000000 0.000000 
138712117058309 0.000000 0.000000 0.000000 
138712136937476 0.000000 0.000000 0.000000 
138712156816643 0.000000 0.000000 0.000000 
138712176695809 0.000000 0.000000 0.000000 
138712196574976 0.000000 0.000000 0.000000 
138712216454143 0.000000 0.000000 0.000000 
138712236333309 0.000000 0.000000 0.000000 
138712256212476 0.000000 0.000000 0.000000 
138712276091643 0.000000 0.000000 0.000000 
138712295970809 0.000000 0.000000 0.000000 
138712315849976 0.000000 0.000000 0.000000 
138712335729143 0.000000 0.000000 0.000000 
138712355608309 0.000000 0.000000 0.000000 
138712375487476 0.000000 0.000000 0.000000 
138712395366643 0.000000 0.000000 0.000000 
138712415245809 0.000000 0.000000 0.000000 
138712435124976 0.000000 0.000000 0.000000 
138712455004143 0.000000 0.000000 0.000000 
138712474883309 0.000000 0.000000 0.000000 
138712494762476 0.000000 0.000000 0.000000 
138712514597007 0.000000 0.000000 0.000000 
138712534273778 0.000000 0.000000 0.000000 
138712554003778 0.000000 0.000000 0.000000 
138712573806122 0.000000 0.000000 0.000000 
138712593687007 0.000000 0.000000 0.000000 
138712613640080 0.000000 0.000000 0.000000 
138712633648309 0.000000 0.000000 0.000000 
138712653687945 0.000000 0.000000 0.000000 
138712673677007 0.000000 0.000000 0.000000 
138712693556174 0.000000 0.000000 0.000000 
138712713435341 0.000000 0.000000 0.000000 
138712733314507 0.000000 0.000000 0.000000 
138712753193674 0.000000 0.000000 0.000000 
138712773072841 0.000000 0.000000 0.000000 
138712792952007 0.000000 0.000000 0.000000 
138712812831174 0.000000 0.000000 0.000000 
138712832710341 0.000000 0.000000 0.000000 
138712852589507 0.000000 0.000000 0.000000 
138712872468674 0.000000 0.000000 0.000000 
138712892347841 0.000000 0.000000 0.000000 
138712912227007 0.000000 0.000000 0.000000 
138712932106174 0.000000 0.000000 0.000000 
138712951985341 0.000000 0.000000 0.000000 
138712971864507 0.000000 0.000000 0.000000 
138712991743674 0.000000 0.000000 0.000000 
138713011622997 0.000000 0.000000 0.000000 
138713031503518 0.000000 0.000000 0.000000 
138713051382684 0.000000 0.000000 0.000000 
138713071261851 0.000000 0.000000 0.000000 
138713091141018 0.000000 0.000000 0.000000 
138713111020184 0.000000 0.000000 0.000000 
138713130899351 0.000000 0.000000 0.000000 
138713150778518 0.000000 0.000000 0.000000 
138713170657684 0.000000 0.000000 0.000000 
138713190536851 0.000000 0.000000 0.000000 
138713210416018 0.000000 0.000000 0.000000 
138713230295184 0.000000 0.000000 0.000000 
138713250174351 0.000000 0.000000 0.000000 
138713270053518 0.000000 0.000000 0.000000 
138713289932684 0.000000 0.000000 0.000000 
138713309811851 0.000000 0.000000 0.000000 
138713329691018 0.000000 0.000000 0.000000 
138713349570184 0.000000 0.000000 0.000000 
138713369449351 0.000000 0.000000 0.000000 
138713389328518 0.000000 0.000000 0.000000 
138713409207684 0.000000 0.000000 0.000000 
138713429086851 0.000000 0.000000 0.000000 
138713448966018 0.000000 0.000000 0.000000 
138713468845184 0.000000 0.000000 0.000000 
138713488724351 0.000000 0.000000 0.000000 
138713508603518 0.000000 0.000000 0.000000 
138713528483622 0.000000 0.000000 0.000000 
138713548363830 0.000000 0.000000 0.000000 
138713568243778 0.000000 0.000000 0.000000 
138713588122945 0.000000 0.000000 0.000000 
138713608002111 0.000000 0.000000 0.000000 
138713627881278 0.000000 0.000000 0.000000 
138713647760445 0.000000 0.000000 0.000000 
138713667639611 0.000000 0.000000 0.000000 
138713687518778 0.000000 0.000000 0.000000 
138713707397945 0.000000 0.000000 0.000000 
138713727277111 0.000000 0.000000 0.000000 
138713747156278 0.000000 0.000000 0.000000 
138713767035445 0.000000 0.000000 0.000000 
138713786914611 0.000000 0.000000 0.000000 
138713806793778 0.000000 0.000000 0.000000 
138713826672945 0.000000 0.000000 0.000000 
138713846552111 0.000000 0.000000 0.000000 
138713866431278 0.000000 0.000000 0.000000 
138713886310445 0.000000 0.000000 0.000000 
138713906189611 0.000000 0.000000 0.000000 
138713926068778 0.000000 0.000000 0.000000 
138713945947945 0.000000 0.000000 0.000000 
138713965827111 0.000000 0.000000 0.000000 
138713985706278 0.000000 0.000000 0.000000 
138714005585445 0.000000 0.000000 0.000000 
138714025467320 0.000000 0.000000 0.000000 
138714045346486 0.000000 0.000000 0.000000 
138714065225653 0.000000 0.000000 0.000000 
138714085104820 0.000000 0.000000 0.000000 
138714104983986 0.000000 0.000000 0.000000 
138714124863153 0.000000 0.000000 0.000000 
138714144742320 0.000000 0.000000 0.000000 
138714164621486 0.000000 0.000000 0.000000 
138714184500653 0.000000 0.000000 0.000000 
138714204379820 0.000000 0.000000 0.000000 
138714224258986 0.000000 0.000000 0.000000 
138714244138153 0.000000 0.000000 0.000000 
138714264017320 0.000000 0.000000 0.000000 
138714283896486 0.000000 0.000000 0.000000 
138714303775653 0.000000 0.000000 0.000000 
138714323654820 0.000000 0.000000 0.000000 
138714343533986 0.000000 0.000000 0.000000 
138714363413153 0.000000 0.000000 0.000000 
138714383292320 0.000000 0.000000 0.000000 
138714403171486 0.000000 0.000000 0.000000 
138714423050653 0.000000 0.000000 0.000000 
138714442929820 0.000000 0.000000 0.000000 
138714462808986 0.000000 0.000000 0.000000 
138714482688153 0.000000 0.000000 0.000000 
138714502567320 0.000000 0.000000 0.000000 
138714522450236 0.000000 0.000000 0.000000 
138714542329716 0.000000 0.000000 0.000000 
138714562208882 0.000000 0.000000 0.000000 
138714582088049 0.000000 0.000000 0.000000 
138714601967216 0.000000 0.000000 0.000000 
138714621846382 0.000000 0.000000 0.000000 
138714641725549 0.000000 0.000000 0.000000 
138714661604716 0.000000 0.000000 0.000000 
138714681483882 0.000000 0.000000 0.000000 
138714701363049 0.000000 0.000000 0.000000 
138714721242216 0.000000 0.000000 0.000000 
138714741121382 0.000000 0.000000 0.000000 
138714761000549 0.000000 0.000000 0.000000 
138714780879716 0.000000 0.000000 0.000000 
138714800758882 0.000000 0.000000 0.000000 
138714820638049 0.000000 0.000000 0.000000 
138714840517216 0.000000 0.000000 0.000000 
138714860396382 0.000000 0.000000 0.000000 
138714880275549 0.000000 0.000000 0.000000 
138714900154716 0.000000 0.000000 0.000000 
138714920033882 0.000000 0.000000 0.000000 
138714939913049 0.000000 0.000000 0.000000 
138714959792216 0.000000 0.000000 0.000000 
138714979671382 0.000000 0.000000 0.000000 
138714999550549 0.000000 0.000000 0.000000 
138715019432059 0.000000 0.000000 0.000000 
138715039313309 0.000000 0.000000 0.000000 
138715059192476 0.000000 0.000000 0.000000 
138715079071643 0.000000 0.000000 0.000000 
138715098950809 0.000000 0.000000 0.000000 
138715118829976 0.000000 0.000000 0.000000 
138715138709143 0.000000 0.000000 0.000000 
138715158588309 0.000000 0.000000 0.000000 
138715178467476 0.000000 0.000000 0.000000 
138715198346643 0.000000 0.000000 0.000000 
138715218225809 0.000000 0.000000 0.000000 
138715238104976 0.000000 0.000000 0.000000 
138715257984143 0.000000 0.000000 0.000000 
138715277863309 0.000000 0.000000 0.000000 
138715297742476 0.000000 0.000000 0.000000 
138715317621643 0.000000 0.000000 0.000000 
138715337500809 0.000000 0.000000 0.000000 
138715357379976 0.000000 0.000000 0.000000 
138715377259143 0.000000 0.000000 0.000000 
138715397138309 0.000000 0.000000 0.000000 
138715417017476 0.000000 0.000000 0.000000 
138715436896643 0.000000 0.000000 0.000000 
138715456775809 0.000000 0.000000 0.000000 
138715476654976 0.000000 0.000000 0.000000 
138715496534143 0.000000 0.000000 0.000000 
138715516415497 0.000000 0.000000 0.000000 
138715536297372 0.000000 0.000000 0.000000 
