# Created at Thu Dec 04 21:57:27 GMT+08:00 2025 in Burnaby Canada 
138703946709479 -3.383007 0.471059 8.985439 
138703966588646 -3.376423 0.931943 9.101558 
138703986467813 -3.833715 0.826598 9.397840 
138704006346979 -4.649539 0.692523 10.235212 
138704026226146 -2.442086 0.509366 10.171766 
138704046105313 -1.343746 0.423175 9.318831 
138704065984479 -1.988983 0.590769 8.382699 
138704085863646 -3.481768 1.963844 8.055890 
138704105742813 -1.937508 1.911172 7.450756 
138704125621979 -0.807445 1.673547 7.137714 
138704145501146 -0.914585 2.053627 8.548497 
138704165380313 -0.984615 1.968632 8.884883 
138704185259479 -1.908179 1.783082 7.244854 
138704205138646 -3.620631 1.760935 6.002264 
138704225017813 -5.679047 2.475006 7.984663 
138704244896979 -3.948039 1.401805 8.772355 
138704264776146 -3.037643 2.224812 8.609550 
138704284655313 -2.235586 2.581548 8.845378 
138704304534479 -0.642245 2.291850 9.093777 
138704324413646 -1.240196 2.236184 9.717466 
138704344292813 -1.555034 2.102109 10.539276 
138704364171979 -1.126472 1.860893 10.422559 
138704384051146 -0.770933 2.358289 9.861118 
138704403930313 -2.131438 2.401983 8.833407 
138704423809507 -2.191293 2.456451 8.075643 
138704443688674 -0.634463 2.191293 7.815273 
138704463567841 -1.015141 2.197877 8.089409 
138704483447007 -1.178546 2.184110 7.699753 
138704503326174 1.543662 0.673369 7.409456 
138704523205341 1.883638 0.695516 9.271546 
138704543084507 1.938705 0.507571 9.252393 
138704562963674 1.359907 -0.046687 7.305906 
138704582842841 2.121861 -0.452504 3.868431 
138704602722007 6.831854 -0.186149 0.363919 
138704622601174 8.463503 -0.566229 -0.611719 
138704642480341 7.120955 -1.876456 1.297059 
138704662359507 7.047931 -3.267487 -0.687136 
138704682238674 6.095039 -4.699219 -5.784391 
138704702117841 5.879561 -8.082825 -11.504139 
138704721997007 7.861362 -12.413936 -13.928268 
138704741876174 8.916606 -18.332403 -15.079281 
138704761755341 8.720282 -25.652674 -17.232267 
138704781634507 8.067862 -34.696770 -16.452953 
138704801513674 7.236475 -44.313084 -11.553221 
138704821392841 10.998962 -52.020016 -2.728193 
138704841272007 17.167025 -54.125717 5.327099 
138704861151174 24.265234 -48.467022 11.013927 
138704881030341 23.463776 -40.545807 13.326127 
138704900909507 20.009541 -33.354820 11.314998 
138704920788674 20.693085 -26.976068 11.398195 
138704940667841 22.700623 -21.155167 15.844827 
138704960547007 23.008877 -15.778388 19.534292 
138704980426174 20.211252 -12.436681 17.975067 
138705000305341 17.542915 -10.213066 12.703035 
138705020184768 19.329588 -7.861362 11.044453 
138705040064976 23.480536 -7.796718 14.731524 
138705059945184 24.690804 -10.656591 20.896593 
138705079825393 19.163790 -11.582549 24.399908 
138705099705601 15.531785 -9.712079 21.189283 
138705119585809 8.115746 -8.743625 15.917252 
138705139466018 -2.708441 -8.017583 10.389040 
138705159346226 -6.406884 -6.877943 8.602965 
138705179226434 -5.835866 -5.768230 7.826645 
138705199106643 -7.174824 -5.557541 6.081871 
138705218985809 -8.516774 -5.479729 6.735488 
138705238864976 -10.335769 -5.383362 9.208099 
138705258744143 -11.777677 -5.251681 9.012972 
138705278623309 -12.366651 -5.020042 7.967305 
138705298502476 -11.804013 -5.361814 6.153099 
138705318381643 -10.044274 -6.394314 5.081693 
138705338260809 -6.544550 -7.775170 5.304354 
138705358139976 -1.625064 -9.209297 5.450400 
138705378019143 0.681749 -10.969035 3.329138 
138705397898309 1.253963 -14.000693 -1.255759 
138705417777476 1.875258 -18.604742 -7.927202 
138705437656643 5.569512 -23.415892 -12.975376 
138705457535809 12.194866 -27.362732 -12.693459 
138705477414976 19.269135 -32.592865 -11.392210 
138705497294143 22.217594 -36.430771 -12.467805 
138705517174143 23.868395 -35.179203 -13.657125 
138705537051226 24.067713 -30.354887 -10.766725 
138705556928309 24.888325 -24.094646 -6.576872 
138705576805393 21.928493 -18.575415 -8.285733 
138705596682476 14.376583 -15.666459 -10.634445 
138705616559559 10.294469 -14.857818 -12.984354 
138705636436851 19.570204 -18.177378 -23.371000 
138705656315705 28.985403 -24.349630 -33.286587 
138705676194872 21.195269 -31.299398 -1.201291 
138705696074039 19.463064 -26.405052 39.568970 
138705715953205 25.890898 -13.683461 55.356339 
138705735832372 33.912670 -8.742428 37.898418 
138705755711539 36.766560 -10.833164 21.756710 
138705775590705 31.798590 -16.837822 14.796765 
138705795469872 22.952015 -25.028385 17.317860 
138705815349039 19.391836 -30.090326 20.586544 
138705835228205 15.981894 -32.134975 18.245014 
138705855107372 11.984776 -32.743103 12.658144 
138705874986539 7.811682 -31.276056 6.332664 
138705894865705 3.013701 -26.519974 3.658340 
138705914744872 1.277905 -22.731749 2.287660 
138705934624039 0.152630 -19.595942 1.981202 
138705954503205 -1.566406 -17.447744 2.430713 
138705974382372 -1.548450 -15.451579 1.553837 
138705994261539 1.433528 -13.383588 1.608904 
138706014143622 2.901174 -13.106459 0.677559 
138706034032476 0.365714 -12.524069 -4.656722 
138706053911643 4.156933 -8.585608 -15.977106 
138706073790809 10.696694 -3.440468 -28.142643 
138706093669976 15.739482 1.681328 -34.589630 
138706113549143 17.456125 4.838083 -24.063522 
138706133428309 23.950994 9.846753 -12.379818 
138706153307476 35.128326 17.742830 -14.562732 
138706173186643 37.093369 21.254526 -20.588938 
138706193065809 30.044838 19.129072 -15.940595 
138706212944976 17.547703 14.355035 -8.933964 
138706232824143 4.320337 10.211869 -3.638588 
138706252703309 -5.114614 8.391078 1.567604 
138706272582476 -7.431602 8.144476 0.785897 
138706292461643 -10.815207 8.005612 -5.244499 
138706312340809 -14.793174 7.119757 -7.457340 
138706332219976 -15.914857 5.443816 -3.291429 
138706352099143 -16.189592 3.301006 -1.619079 
138706371978309 -14.537593 -0.516549 0.332195 
138706391857476 -7.387908 -3.420716 3.995324 
138706411736643 0.004788 -6.065112 -0.254982 
138706431615809 5.915474 -10.393828 -4.145560 
138706451494976 9.255983 -20.095732 -1.268328 
138706471374143 22.143373 -29.252954 -0.114922 
138706491253309 59.731144 -23.903709 12.460623 
138706511133153 86.026062 -13.025655 28.479029 
138706531010861 68.176094 -14.124593 21.881807 
138706550886903 31.849466 -19.374479 3.989339 
138706570762945 9.493608 -12.897565 -8.510789 
138706590638986 2.740762 -5.336676 -6.963536 
138706610515445 5.347449 0.376488 -4.244920 
138706630393882 2.285265 4.027047 -5.059547 
138706650274403 -1.526304 7.296928 -4.444836 
138706670155653 0.557250 10.029909 -3.912724 
138706690036903 1.551443 12.096106 -5.959766 
138706709918153 1.662175 13.497910 -5.191826 
138706729799403 1.965041 14.307151 -7.247249 
138706749680653 2.066795 14.359224 -6.277597 
138706769561903 2.679112 14.982914 -4.356250 
138706789441278 4.373009 15.368381 -4.739921 
138706809320445 3.779247 14.997279 -9.996390 
138706829199611 -0.214880 16.110582 -15.507843 
138706849078778 -3.654150 17.587805 -13.057378 
138706868957945 -2.090138 17.912819 -9.406818 
138706888837111 0.669778 18.040909 -13.480553 
138706908716278 -3.897162 16.223110 -16.266207 
138706928595445 -9.007586 14.577696 -15.279796 
138706948474611 -10.205883 12.784438 -12.958616 
138706968353778 -5.735310 10.582970 -11.448474 
138706988232945 -0.111929 7.753622 -13.504495 
138707008112111 -0.066439 3.505111 -11.013927 
138707027843466 -3.041833 -1.408389 -3.441067 
138707047592216 -5.495890 -5.652112 6.270414 
138707067392945 -3.275867 -8.624513 6.951565 
138707087254195 6.086659 -10.247183 2.814983 
138707107173882 21.536444 -10.827777 2.576760 
138707127141695 39.204453 -9.567828 6.137536 
138707147140236 53.339821 -5.705981 21.896770 
138707167131591 47.562016 -7.299921 33.667263 
138707187024507 25.560497 -14.329896 28.240807 
138707206903674 6.855796 -16.062698 9.209297 
138707226782841 -0.584784 -10.966043 -5.087678 
138707246662007 -3.584718 -6.348825 -3.985747 
138707266541174 -8.443152 -5.501875 1.110910 
138707286420341 -11.097723 -5.495890 1.340753 
138707306299507 -6.968923 -4.628591 -1.372476 
138707326178674 5.061342 -3.071162 -6.608595 
138707346057841 20.019716 -1.955464 -8.523358 
138707365937007 28.783092 1.055244 0.995389 
138707385816174 31.299997 4.056376 13.056180 
138707405695341 26.928783 4.565144 14.040197 
138707425574507 20.097528 4.201824 11.753136 
138707445453674 14.542381 2.445677 14.047379 
138707465332841 10.383653 -1.074997 12.585720 
138707485212007 9.546281 -3.614646 9.944916 
138707505091174 11.362283 -5.249287 6.833052 
138707524970028 11.495759 -4.403535 5.347449 
138707544845028 12.366052 1.358111 6.877345 
138707564720028 21.454441 8.204929 11.400590 
138707584595132 36.153645 10.310031 20.350117 
138707604471903 32.836475 5.302558 20.991163 
138707624350757 18.637064 2.267908 7.265205 
138707644231695 8.213907 -0.307655 -1.729212 
138707664113986 5.920262 -1.787272 -3.931279 
138707683996278 8.446145 -3.324948 -3.630208 
138707703878570 9.568427 -5.566519 -0.147243 
138707723760757 5.383362 -7.154473 -1.385046 
138707743640757 -3.991134 -9.214086 -6.018425 
138707763519924 -9.555858 -11.038467 -7.410054 
138707783399091 -8.541913 -12.418724 -7.627927 
138707803278257 -7.926005 -13.977349 -9.077616 
138707823157424 -8.312070 -15.491083 -9.427169 
138707843036591 -6.810307 -16.816874 -7.526173 
138707862915757 -4.979939 -18.441339 -4.879982 
138707882794924 -4.267664 -21.306599 -2.846107 
138707902674091 -1.711256 -25.553913 -2.099715 
138707922553257 2.157176 -30.724791 -2.393603 
138707942432424 6.872556 -35.282753 -1.379060 
138707962311591 11.371860 -37.916973 0.423175 
138707982190757 13.791201 -41.059361 -0.353145 
138708002069924 14.703990 -45.127110 -2.877831 
138708021847841 16.428413 -47.214855 -5.981314 
138708041583778 19.640236 -45.082218 -10.535086 
138708061367528 23.268648 -40.957008 -9.869498 
138708081210341 23.293787 -35.511398 -3.797204 
138708101113361 22.237944 -29.591734 0.253187 
138708121068466 19.518131 -25.433006 2.512715 
138708141060236 17.226879 -22.290018 4.013280 
138708161067320 16.738462 -18.952501 3.855263 
138708180982320 16.753426 -15.738883 3.568558 
138708200861486 14.904504 -13.185468 4.022259 
138708220740653 13.001713 -11.636418 4.480150 
138708240619820 11.347918 -9.940127 4.820725 
138708260498986 10.705673 -8.316858 4.750096 
138708280378153 11.042657 -6.992865 4.875792 
138708300257320 11.534665 -6.133346 5.798158 
138708320136486 11.976396 -5.862203 5.649119 
138708340015653 12.355876 -6.342240 5.063736 
138708359894820 12.966398 -7.190985 5.546168 
138708379773986 13.596073 -8.726267 6.253057 
138708399653153 13.737929 -11.126453 6.328474 
138708419532320 13.743317 -13.177686 6.247071 
138708439411486 12.975975 -15.085865 5.456984 
138708459290653 11.584345 -16.806099 3.772065 
138708479169820 11.176133 -19.224840 1.490391 
138708499048986 12.298415 -22.656330 0.712275 
138708518928153 13.105262 -26.582222 1.813608 
138708538807320 11.272500 -30.359674 2.867655 
138708558686486 10.829573 -33.078888 2.230199 
138708578565653 10.843340 -34.732086 1.145027 
138708598444820 9.237429 -34.783562 1.376666 
138708618323986 9.295488 -33.436821 -0.144251 
138708638203153 10.215460 -31.620222 -0.600945 
138708658082320 10.304046 -29.524097 -0.856526 
138708677961486 10.088568 -27.768549 -1.057040 
138708697840653 9.493608 -25.955540 -1.321599 
138708717719820 8.294113 -24.397514 -1.202488 
138708737598986 6.636128 -22.618023 -0.756568 
138708757478153 5.962161 -20.304028 -0.836774 
138708777357320 5.965154 -17.808073 -1.154005 
138708797236486 5.804742 -16.512211 -1.832761 
138708817115653 3.148974 -15.902287 -2.229002 
138708836994820 -0.184354 -14.570513 -2.224812 
138708856873986 -1.801038 -12.887988 -1.599327 
138708876753153 -2.333150 -11.113286 0.541090 
138708896632320 -3.721786 -10.287286 1.646014 
138708916511486 -5.749675 -9.655217 -0.125696 
138708936390653 -6.934206 -9.128492 -2.993949 
138708956269820 -8.106169 -8.910022 -4.985925 
138708976148986 -10.497976 -9.638457 -5.480926 
138708996028153 -11.746552 -10.787076 -4.370615 
138709015909039 -10.215460 -12.204443 -4.056975 
138709035782997 -8.112154 -13.490728 -4.708796 
138709055656955 -5.334281 -15.097836 -4.754286 
138709075531747 -1.470040 -16.921021 -3.653552 
138709095408622 2.847304 -19.727623 -2.975394 
138709115287580 6.253057 -22.461802 -2.381632 
138709135168622 9.154230 -25.137321 -2.460641 
138709155050914 11.476007 -27.829601 -2.297835 
138709174933205 12.156559 -30.274681 -1.872864 
138709194815497 13.363236 -32.561142 -0.823007 
138709214697632 14.629171 -33.861794 0.469862 
138709234577528 15.438411 -34.165855 2.081758 
138709254456695 15.997458 -33.216557 4.092289 
138709274335861 16.397289 -31.610046 5.294777 
138709294215028 17.967886 -28.813021 4.353257 
138709314094195 17.298706 -25.674221 2.591723 
138709333973361 15.759832 -23.905506 2.094927 
138709353852528 17.283743 -21.322163 3.431489 
138709373731695 17.421410 -18.067245 4.189853 
138709393610861 14.526220 -15.953763 3.817555 
138709413490028 11.322779 -15.015835 4.653729 
138709433369195 11.299435 -13.381792 6.760028 
138709453248361 13.273455 -10.828975 6.719327 
138709473127528 13.737330 -8.988432 4.561553 
138709493006695 13.520656 -8.149862 3.510498 
138709512859611 14.558542 -7.749433 4.541800 
138709532579716 15.772402 -7.113173 5.804742 
138709552339924 16.423626 -6.911462 6.093842 
138709572155236 16.030975 -7.506421 6.619369 
138709592031851 14.812926 -8.413225 6.886322 
138709611965080 13.722965 -9.333796 6.567295 
138709631942789 12.686874 -10.138845 6.042367 
138709651946018 11.941680 -10.849923 5.204995 
138709671916799 10.960057 -11.742961 3.829526 
138709691798257 10.511144 -13.566744 2.342726 
138709711677424 10.830172 -15.934011 1.470040 
138709731556591 11.478401 -19.061438 0.217872 
138709751435757 11.994950 -22.908319 -0.029928 
138709771314924 11.240178 -25.365969 1.151611 
138709791194091 11.449671 -26.239853 2.018312 
138709811073257 13.414712 -26.096199 2.053627 
138709830952424 15.847221 -26.394876 1.725022 
138709850831591 16.296732 -26.810270 1.379060 
138709870710757 14.732121 -27.345974 0.293290 
138709890589924 12.943653 -27.401638 -1.033098 
138709910469091 12.584522 -26.506805 -2.524686 
138709930348257 12.832921 -24.850616 -3.503316 
138709950227424 11.453262 -23.711575 -2.485181 
138709970106591 8.324040 -22.459408 0.018555 
138709989985757 5.079897 -20.374058 1.046865 
138710009864924 3.403956 -18.123508 0.496797 
138710029588882 2.442086 -16.190191 -0.950498 
138710049340132 1.069610 -14.806342 -1.204283 
138710069144611 -0.700903 -13.685856 -0.779911 
138710089009924 -3.645771 -13.315951 -1.091756 
138710108932945 -5.386954 -12.772468 -1.757344 
138710128902632 -7.063494 -12.323555 -2.297236 
138710148901278 -9.156026 -12.211027 -2.581548 
138710168887007 -10.658387 -12.797009 -3.013701 
138710188777216 -10.601525 -14.094666 -3.300407 
138710208656382 -9.498995 -15.607203 -2.584541 
138710228535549 -6.934206 -16.985065 -0.189142 
138710248414716 -4.013280 -18.380884 0.787692 
138710268293882 -1.727417 -20.566792 -1.012747 
138710288173049 2.893393 -22.612637 -3.134609 
138710308052216 8.412626 -24.115597 -4.743512 
138710327931382 12.487557 -25.219923 -5.677251 
138710347810549 14.966753 -27.261578 -6.305130 
138710367689716 15.576676 -28.879459 -6.663064 
138710387568882 15.044565 -30.071772 -6.075287 
138710407448049 15.312716 -30.921713 -4.636372 
138710427327216 16.505028 -30.401573 -2.495955 
138710447206382 18.063654 -28.839357 -1.291672 
138710467085549 19.176956 -26.245838 -0.911592 
138710486964716 18.404827 -23.758263 -0.168193 
138710506843882 16.336237 -21.809980 1.386243 
138710526581486 14.425664 -20.576368 2.092532 
138710546316434 14.590864 -19.085379 1.054646 
138710566106539 16.057911 -16.493656 0.035314 
138710585961174 15.386936 -13.878589 -0.799663 
138710605878622 14.105439 -11.587337 -1.493982 
138710625848049 12.859258 -9.940127 -1.734599 
138710645851695 11.484985 -9.188348 -1.221641 
138710665856070 11.661558 -8.301296 -0.575207 
138710685756382 12.753314 -7.572261 0.212485 
138710705635549 13.541006 -6.798336 0.732626 
138710725514716 14.689026 -6.241684 0.603339 
138710745393882 16.888100 -6.194398 0.543484 
138710765273049 18.573618 -7.236475 0.509366 
138710785152216 18.323423 -9.605537 0.025139 
138710805031382 16.660053 -11.062409 -0.245406 
138710824910549 14.976929 -11.061810 -0.199317 
138710844789716 13.760674 -10.942698 -0.392649 
138710864668882 12.800001 -11.652579 -0.670376 
138710884548049 11.629835 -13.280637 -1.049857 
138710904427216 10.702681 -15.827469 -0.795474 
138710924306382 9.935339 -18.517954 0.059855 
138710944185549 10.550649 -21.907543 0.874482 
138710964064716 12.723387 -25.568279 0.992397 
138710983943882 14.101848 -28.482021 0.803255 
138711003823049 15.275605 -30.270491 1.291672 
138711023653674 17.073650 -30.509911 -0.005986 
138711043469299 17.478271 -30.335733 0.322020 
138711063305757 7.149086 -31.083323 1.640028 
138711083168778 10.443508 -26.576237 0.404022 
138711103058361 12.680889 -23.380577 -0.618901 
138711122970861 8.089409 -22.417509 -0.871489 
138711142900028 4.635174 -20.254349 -0.876278 
138711162835966 1.891419 -17.967287 -0.946308 
138711182735966 1.565808 -15.678430 -0.296881 
138711202615132 2.003947 -13.752893 -0.271742 
138711222494299 2.247557 -12.479177 -1.211466 
138711242373466 1.762132 -12.233772 -1.332373 
138711262252632 0.305261 -12.302606 -0.971447 
138711282131799 -1.321001 -12.487557 -0.582988 
138711302010966 -2.670732 -12.234370 -0.553659 
138711321890132 -5.136760 -11.726201 -1.310227 
138711341769299 -7.226898 -11.141418 -2.178724 
138711361648466 -7.824850 -11.175535 -2.431312 
138711381527632 -7.959524 -11.229404 -2.292448 
138711401406799 -8.125920 -11.290457 -1.630451 
138711421285966 -6.974908 -11.774085 -0.623690 
138711441165132 -4.244321 -12.329540 0.014964 
138711461044299 -0.590769 -12.697649 -0.268749 
138711480923466 2.807800 -13.533225 -1.616685 
138711500802632 5.324705 -14.952388 -3.075352 
138711520681799 7.132926 -16.614563 -3.581726 
138711540560966 8.251616 -18.473660 -3.412336 
138711560440132 8.549096 -20.565594 -2.931700 
138711580319299 8.769960 -23.010672 -2.567183 
138711600198466 8.558673 -25.379137 -2.151789 
138711620077632 8.242638 -27.128700 -1.957260 
138711639956799 9.108142 -28.203695 -1.367089 
138711659835966 10.825981 -28.403013 -0.448913 
138711679715132 13.048399 -27.441143 -0.023343 
138711699594299 14.210186 -25.549723 -0.599748 
138711719473466 14.490906 -23.786993 -0.398036 
138711739352632 14.642339 -21.869236 2.507328 
138711759231799 14.933234 -19.223644 6.088455 
138711779110966 14.739305 -15.945383 7.687782 
138711798990132 13.831902 -13.416508 6.195595 
138711818869299 12.691663 -11.496358 4.112041 
138711838748466 11.276690 -10.219650 2.954445 
138711858627632 10.440516 -9.400833 1.325191 
138711878506799 10.457274 -8.813655 -0.385466 
138711898385966 10.480020 -8.393473 -1.140239 
138711918265132 10.937910 -8.106169 -1.022324 
138711938144299 11.747749 -8.289924 0.113126 
138711958023466 12.986150 -9.277532 1.719037 
138711977902632 13.782222 -9.925761 3.008913 
138711997781799 13.797186 -9.703101 4.071340 
138712017661851 13.028647 -9.107543 4.545392 
138712037541643 11.812392 -8.672397 4.776433 
138712057420809 10.299257 -8.882488 3.743334 
138712077299976 8.892065 -10.244190 1.844134 
138712097179143 8.338406 -12.079945 0.682347 
138712117058309 9.925761 -13.545794 0.162806 
138712136937476 13.330915 -15.369577 -0.560243 
138712156816643 16.020203 -18.274942 -0.593762 
138712176695809 16.683395 -21.815367 -0.044891 
138712196574976 15.965136 -25.310902 0.532710 
138712216454143 14.437037 -27.642256 1.719037 
138712236333309 13.726557 -28.653208 2.814983 
138712256212476 13.408727 -28.956074 2.725799 
138712276091643 12.536638 -28.881853 1.752556 
138712295970809 10.527305 -27.891851 0.330998 
138712315849976 8.831612 -26.181194 -0.779911 
138712335729143 6.886322 -24.216152 -0.975637 
138712355608309 5.668272 -22.005707 -0.849343 
138712375487476 4.932055 -19.697098 -0.411204 
138712395366643 4.271256 -17.783531 0.147243 
138712415245809 2.770690 -16.141708 0.161010 
138712435124976 2.154183 -14.539389 -0.189740 
138712455004143 1.395221 -13.464392 -0.415993 
138712474883309 -0.721852 -12.813169 -0.592565 
138712494762476 -3.027468 -12.067974 -1.119888 
138712514597007 -5.373785 -11.461642 -1.043273 
138712534273778 -8.474277 -11.205462 -0.398036 
138712554003778 -12.007520 -11.814787 -0.217274 
138712573806122 -14.764443 -13.236942 -0.196325 
138712593687007 -15.720328 -14.984112 0.320823 
138712613640080 -14.018649 -16.209345 1.465251 
138712633648309 -6.929418 -17.904438 1.528099 
138712653687945 1.615488 -18.534712 1.023521 
138712673677007 8.641871 -18.067842 -0.701501 
138712693556174 11.570579 -17.092205 -2.669535 
138712713435341 11.080964 -17.748217 -5.029619 
138712733314507 8.642469 -19.249382 -5.574300 
138712753193674 7.512406 -21.874624 -4.734534 
138712773072841 6.957550 -25.022400 -3.310582 
138712792952007 7.350199 -27.387274 -1.966238 
138712812831174 8.878299 -28.458080 -0.487220 
138712832710341 10.676344 -28.487410 0.627281 
138712852589507 11.917139 -27.991810 1.049857 
138712872468674 12.024879 -26.891674 0.922366 
138712892347841 11.524490 -25.240273 -0.434548 
138712912227007 13.558963 -22.738333 -0.957681 
138712932106174 16.181810 -19.413385 1.056442 
138712951985341 15.782578 -16.273987 3.728969 
138712971864507 11.790246 -14.747684 4.006697 
138712991743674 7.940370 -14.025832 2.644396 
138713011622997 7.472902 -13.538013 1.285686 
138713031503518 9.541492 -12.865841 1.212663 
138713051382684 12.395381 -11.777677 1.749563 
138713071261851 14.944607 -10.117896 2.791639 
138713091141018 16.597803 -8.556278 3.241151 
138713111020184 17.759590 -7.353192 2.718616 
138713130899351 19.279308 -7.326856 2.920327 
138713150778518 20.462643 -7.931990 3.641581 
138713170657684 20.205267 -7.819463 3.945046 
138713190536851 18.219276 -7.882909 4.512472 
138713210416018 16.007633 -9.042900 6.225523 
138713230295184 13.575722 -11.186309 6.925229 
138713250174351 11.470022 -13.348273 5.056554 
138713270053518 11.198280 -15.226524 2.767697 
138713289932684 13.435661 -17.045519 1.742380 
138713309811851 15.577873 -20.202274 1.492186 
138713329691018 16.552912 -24.238897 1.329381 
138713349570184 16.520590 -27.996597 1.252167 
138713369449351 15.446791 -30.004135 1.987187 
138713389328518 14.621988 -30.418333 3.010709 
138713409207684 13.666103 -29.683313 2.539649 
138713429086851 14.334684 -28.697500 2.233790 
138713448966018 15.289970 -27.697922 0.940323 
138713468845184 13.343485 -26.903046 0.437540 
138713488724351 10.397419 -25.251646 0.050278 
138713508603518 8.251616 -23.122004 -0.199916 
138713528483622 6.766014 -20.909163 -0.224456 
138713548363830 5.485714 -18.835783 -0.195726 
138713568243778 4.561553 -16.991650 -0.615310 
138713588122945 3.314174 -15.481506 -1.298854 
138713608002111 1.486201 -13.991117 -2.249352 
138713627881278 -0.910395 -12.948442 -3.075352 
138713647760445 -3.253720 -12.555792 -3.410540 
138713667639611 -8.194754 -12.482170 -3.249530 
138713687518778 -15.207371 -12.898163 -2.421136 
138713707397945 -18.391060 -13.740324 -1.839345 
138713727277111 -15.400104 -14.880562 -2.200870 
138713747156278 -10.186131 -15.941194 -4.037821 
138713767035445 -6.250662 -16.904860 -4.835689 
138713786914611 -2.954445 -18.309658 -3.083133 
138713806793778 0.320224 -19.820997 -0.772130 
138713826672945 3.958812 -20.827160 0.138864 
138713846552111 7.511808 -21.274279 -0.399832 
138713866431278 10.192716 -21.969793 -1.892616 
138713886310445 11.789049 -22.967577 -2.724602 
138713906189611 13.967175 -24.927231 -2.725799 
138713926068778 14.282012 -26.230873 -1.990779 
138713945947945 14.110228 -28.116308 -1.489193 
138713965827111 13.523049 -29.552231 -0.296282 
138713985706278 13.199234 -29.844322 1.677737 
138714005585445 13.653534 -28.710669 3.677494 
138714025467320 14.559140 -26.493637 5.106234 
138714045346486 15.011046 -23.554754 6.303933 
138714065225653 14.616601 -20.566792 6.930017 
138714085104820 13.965977 -17.981052 6.205771 
138714104983986 13.344083 -15.945982 4.793192 
138714124863153 13.065757 -14.265252 3.784634 
138714144742320 12.803592 -12.398973 3.439869 
138714164621486 12.506711 -10.652402 3.150171 
138714184500653 11.897387 -9.418191 2.246958 
138714204379820 10.146626 -8.944737 0.755371 
138714224258986 8.999804 -8.463503 -0.232836 
138714244138153 9.644443 -7.605780 0.030526 
138714264017320 11.339538 -6.678027 1.191714 
138714283896486 12.928689 -6.023213 1.830966 
138714303775653 14.424467 -6.278794 1.866879 
138714323654820 15.920843 -7.487866 1.981800 
138714343533986 16.642694 -8.047510 2.952649 
138714363413153 17.033548 -8.034941 4.934450 
138714383292320 15.882536 -7.528567 5.880758 
138714403171486 14.186244 -7.669227 4.666299 
138714423050653 11.490373 -8.240244 2.834136 
138714442929820 10.148422 -9.181165 1.277307 
138714462808986 9.767744 -11.170148 0.040701 
138714482688153 10.825383 -13.607446 -0.497994 
138714502567320 13.509882 -15.996859 -0.309451 
138714522450236 16.764200 -18.982428 0.495600 
138714542329716 18.321030 -22.531233 2.241571 
138714562208882 18.084602 -25.795727 4.319738 
138714582088049 17.120338 -28.029518 4.463989 
138714601967216 17.826628 -29.488186 3.898359 
138714621846382 19.791069 -30.769083 4.574721 
138714641725549 20.833744 -31.875204 4.160524 
138714661604716 19.020138 -32.363621 1.972822 
138714681483882 15.237897 -31.533432 0.053271 
138714701363049 11.803414 -29.070995 -1.015141 
138714721242216 9.345168 -25.887905 -1.340753 
138714741121382 7.890690 -22.425888 -1.843535 
138714761000549 6.211158 -19.230827 -2.584541 
138714780879716 4.201824 -16.402676 -3.241749 
138714800758882 2.673725 -13.609241 -4.323330 
138714820638049 2.205060 -10.677541 -4.510077 
138714840517216 1.914763 -8.347384 -3.417723 
138714860396382 1.674744 -6.388927 -1.383250 
138714880275549 1.218050 -4.437054 0.249596 
138714900154716 0.801459 -2.679112 0.694917 
138714920033882 1.498172 -1.166575 0.937928 
138714939913049 1.759140 0.577601 1.853711 
138714959792216 1.252167 1.910573 2.800617 
138714979671382 1.147421 2.858078 3.213019 
138714999550549 1.851915 3.566762 3.175310 
138715019432059 2.416348 4.353257 3.001730 
138715039313309 2.231995 5.398326 4.713584 
138715059192476 2.973598 4.471770 7.078457 
138715079071643 2.891597 3.207632 8.780735 
138715098950809 1.857302 3.004723 9.968259 
138715118829976 1.660977 2.919130 10.336966 
138715138709143 2.961029 3.043030 10.076596 
138715158588309 3.350685 3.103484 9.874885 
138715178467476 2.213439 3.374029 9.758766 
138715198346643 1.686117 3.189675 9.577405 
138715218225809 0.970250 3.302203 9.729437 
138715238104976 0.090980 3.352481 9.797073 
138715257984143 0.339378 3.600281 10.235212 
138715277863309 0.624288 3.139397 10.147824 
138715297742476 0.193930 2.964022 10.073604 
138715317621643 0.879869 2.838925 10.470443 
138715337500809 1.596334 2.870049 10.638636 
138715357379976 0.913388 2.496554 9.745598 
138715377259143 -0.667384 2.491765 8.873510 
138715397138309 -1.550844 2.619855 8.759187 
138715417017476 -1.011550 2.611475 8.330625 
138715436896643 -1.181539 3.069965 7.686584 
138715456775809 -1.244386 3.144185 7.789535 
138715476654976 -1.052850 3.066374 8.713697 
138715496534143 -1.584363 2.879028 9.311649 
138715516415497 -1.208473 3.329736 9.050681 
138715536297372 0.303465 3.635595 8.861539 
