# Created at Thu Dec 04 21:57:27 GMT+08:00 2025 in Burnaby Canada 
138703941739688 0.090419 0.056365 -0.477906 0.871925 
138703961618854 0.092771 0.055125 -0.481174 0.869958 
138703981498021 0.094397 0.048740 -0.486767 0.867048 
138704001377188 0.096917 0.038717 -0.489875 0.865523 
138704021256354 0.102832 0.028482 -0.490409 0.864935 
138704041135521 0.111841 0.021445 -0.491294 0.863517 
138704061014688 0.124924 0.022320 -0.493082 0.860677 
138704080893854 0.140414 0.028136 -0.493210 0.858042 
138704100773021 0.152279 0.031348 -0.493944 0.855481 
138704120652188 0.158910 0.031423 -0.499167 0.851230 
138704140531354 0.163158 0.029749 -0.509057 0.844604 
138704160410521 0.163939 0.018185 -0.523043 0.836193 
138704180289688 0.159378 -0.006029 -0.541406 0.825495 
138704200168854 0.150048 -0.035333 -0.562984 0.811965 
138704220048021 0.141933 -0.052573 -0.581249 0.799525 
138704239927188 0.137918 -0.060507 -0.591259 0.792294 
138704259806354 0.130947 -0.067803 -0.598644 0.787325 
138704279685521 0.123639 -0.070974 -0.602399 0.785361 
138704299564688 0.116162 -0.071032 -0.604071 0.785213 
138704319443854 0.105014 -0.073343 -0.608106 0.783454 
138704339323021 0.092888 -0.078014 -0.614035 0.779902 
138704359202188 0.082447 -0.083357 -0.618938 0.776640 
138704379081354 0.075317 -0.086855 -0.623948 0.772964 
138704398960521 0.071404 -0.087141 -0.630231 0.768190 
138704418839688 0.065893 -0.087077 -0.633911 0.765658 
138704438718882 0.057143 -0.089207 -0.636002 0.764381 
138704458598049 0.047464 -0.093318 -0.639842 0.761342 
138704478477216 0.031501 -0.104136 -0.641370 0.759479 
138704498356382 0.011688 -0.117457 -0.640525 0.758812 
138704518235549 -0.000393 -0.121817 -0.641769 0.757161 
138704538114716 -0.010231 -0.127967 -0.642764 0.755231 
138704557993882 -0.019221 -0.141797 -0.642736 0.752605 
138704577873049 -0.030207 -0.163219 -0.639588 0.750582 
138704597752216 -0.050696 -0.193115 -0.634076 0.747050 
138704617631382 -0.081170 -0.222540 -0.632289 0.737630 
138704637510549 -0.114198 -0.244263 -0.632997 0.725679 
138704657389716 -0.144964 -0.262198 -0.632553 0.714223 
138704677268882 -0.178385 -0.282680 -0.629369 0.701545 
138704697148049 -0.222142 -0.302721 -0.622279 0.686863 
138704717027216 -0.275502 -0.310462 -0.614354 0.671030 
138704736906382 -0.335456 -0.304638 -0.607212 0.652655 
138704756785549 -0.404204 -0.289600 -0.598183 0.628433 
138704776664716 -0.478362 -0.252232 -0.590393 0.599154 
138704796543882 -0.553816 -0.188888 -0.582603 0.564077 
138704816423049 -0.630449 -0.111301 -0.562091 0.523641 
138704836302216 -0.698916 -0.034017 -0.526284 0.483099 
138704856181382 -0.750571 0.034733 -0.487363 0.444875 
138704876060549 -0.782529 0.093493 -0.460887 0.408032 
138704895939716 -0.796372 0.151476 -0.453370 0.370542 
138704915818882 -0.797780 0.209688 -0.460657 0.327678 
138704935698049 -0.792693 0.259353 -0.475915 0.279067 
138704955577216 -0.782131 0.293273 -0.499910 0.228805 
138704975456382 -0.766514 0.309146 -0.533345 0.180079 
138704995335549 -0.748278 0.311088 -0.570413 0.133909 
138705015214716 -0.732148 0.303298 -0.603513 0.087988 
138705035094924 -0.721903 0.283855 -0.629777 0.040781 
138705054975132 0.717710 -0.250470 0.649699 0.006963 
138705074855341 0.711694 -0.203654 0.670402 0.050890 
138705094735549 0.701664 -0.146213 0.692022 0.086009 
138705114615757 0.698122 -0.079871 0.702290 0.114171 
138705134495966 0.699618 -0.011112 0.701050 0.137626 
138705154376174 0.703553 0.050858 0.691588 0.155347 
138705174256382 0.708608 0.107750 0.676553 0.168939 
138705194136591 0.713078 0.160761 0.657890 0.181269 
138705214016018 0.709779 0.207891 0.645003 0.192267 
138705233895184 0.694936 0.250079 0.644694 0.197214 
138705253774351 0.672912 0.288747 0.653672 0.191123 
138705273653518 0.650978 0.322369 0.664732 0.174464 
138705293532684 0.633011 0.349604 0.674615 0.148214 
138705313411851 0.617823 0.368637 0.685324 0.112837 
138705333291018 0.604783 0.378675 0.697248 0.068471 
138705353170184 0.595063 0.382447 0.706653 0.016603 
138705373049351 -0.586900 -0.382994 -0.712210 0.040256 
138705392928518 -0.579192 -0.378523 -0.714899 0.100878 
138705412807684 -0.571062 -0.364208 -0.717012 0.164727 
138705432686851 -0.567705 -0.335151 -0.716232 0.228903 
138705452566018 -0.577791 -0.295018 -0.704989 0.286551 
138705472445184 -0.599077 -0.251103 -0.681738 0.336582 
138705492324351 -0.621890 -0.202399 -0.654033 0.380169 
138705512204559 -0.643489 -0.145590 -0.626291 0.415313 
138705532081955 -0.663423 -0.080937 -0.600947 0.438385 
138705551959039 -0.678389 -0.015962 -0.579840 0.450908 
138705571836122 -0.688188 0.042653 -0.565273 0.452819 
138705591713205 -0.695933 0.099515 -0.555941 0.443514 
138705611590289 -0.701212 0.158870 -0.548069 0.427415 
138705631467372 -0.706154 0.220392 -0.535548 0.407386 
138705651345914 -0.712740 0.297453 -0.529988 0.350194 
138705671225080 -0.716218 0.390109 -0.527232 0.238483 
138705691104247 -0.702268 0.465383 -0.525419 0.119048 
138705710983414 -0.686904 0.493017 -0.531918 0.046479 
138705730862580 -0.686531 0.478242 -0.547292 0.020786 
138705750741747 -0.695808 0.439566 -0.567997 0.003497 
138705770620914 0.711112 -0.387296 0.586401 0.021360 
138705790500080 0.721871 -0.330418 0.605437 0.056332 
138705810379247 0.720037 -0.270230 0.632829 0.089709 
138705830258414 0.714570 -0.202891 0.660437 0.109775 
138705850137580 0.715643 -0.130599 0.676556 0.114324 
138705870016747 0.722627 -0.058111 0.679784 0.111022 
138705889895914 0.727008 0.008179 0.678156 0.107223 
138705909775080 0.727392 0.066086 0.675358 0.102090 
138705929654247 0.721422 0.115666 0.675973 0.096081 
138705949533414 0.705773 0.157690 0.685127 0.087283 
138705969412580 0.681118 0.191978 0.702841 0.072369 
138705989291747 0.652412 0.219928 0.723384 0.052069 
138706009170914 0.626363 0.246826 0.738803 0.030261 
138706029061434 0.602553 0.273776 0.749638 0.004400 
138706048941851 -0.581934 -0.297542 -0.756265 0.029740 
138706068821018 -0.566212 -0.316141 -0.758672 0.062220 
138706088700184 -0.554466 -0.324621 -0.761950 0.081368 
138706108579351 -0.541165 -0.315881 -0.774744 0.084444 
138706128458518 -0.527329 -0.299385 -0.790632 0.084806 
138706148337684 -0.524307 -0.293052 -0.795190 0.083050 
138706168216851 -0.536824 -0.300630 -0.785620 0.065162 
138706188096018 -0.555866 -0.313261 -0.769463 0.028400 
138706207975184 0.571857 0.327498 0.751903 0.019128 
138706227854351 0.586089 0.339875 0.732255 0.069184 
138706247733518 0.599751 0.348344 0.711259 0.114309 
138706267612684 0.615198 0.355984 0.687445 0.149088 
138706287491851 0.629266 0.364833 0.662901 0.177438 
138706307371018 0.640521 0.370154 0.640792 0.205195 
138706327250184 0.652932 0.368445 0.619391 0.232987 
138706347129351 0.668395 0.361277 0.597627 0.256066 
138706367008518 0.687338 0.345279 0.577843 0.272850 
138706386887684 0.710401 0.320189 0.560264 0.280916 
138706406766851 0.734021 0.293975 0.545323 0.278234 
138706426646018 0.754979 0.265538 0.532941 0.274719 
138706446525184 0.769932 0.231900 0.529370 0.270543 
138706466404351 0.778356 0.180462 0.544387 0.255417 
138706486283518 0.775964 0.107552 0.576162 0.233131 
138706506162684 0.765231 0.061975 0.602493 0.218135 
138706526041851 0.751928 0.084969 0.618104 0.212916 
138706545917893 0.742826 0.146708 0.617625 0.212661 
138706565793934 0.729898 0.203469 0.616892 0.212824 
138706585669976 0.709413 0.237928 0.628486 0.212435 
138706605546174 0.690539 0.258506 0.642337 0.209125 
138706625424091 0.677073 0.275358 0.650347 0.206878 
138706645304091 0.664471 0.286273 0.659473 0.204014 
138706665185341 0.650000 0.291517 0.673690 0.196620 
138706685066591 0.636637 0.295107 0.687272 0.187783 
138706704947841 0.629736 0.298732 0.693512 0.182296 
138706724829091 0.629064 0.304196 0.692428 0.179689 
138706744710341 0.626883 0.309654 0.691822 0.180316 
138706764591591 0.619323 0.317804 0.694599 0.181581 
138706784471486 0.614865 0.332971 0.690785 0.184083 
138706804350653 0.622233 0.356521 0.669868 0.192343 
138706824229820 0.632058 0.381034 0.642597 0.205877 
138706844108986 0.635206 0.398157 0.624154 0.220036 
138706863988153 0.639736 0.409326 0.608656 0.229626 
138706883867320 0.652624 0.420308 0.583392 0.238906 
138706903746486 0.666893 0.430061 0.553424 0.253027 
138706923625653 0.678016 0.433777 0.530459 0.265979 
138706943504820 0.687631 0.428579 0.518432 0.273334 
138706963383986 0.698547 0.414853 0.513993 0.275210 
138706983263153 0.708054 0.396252 0.514318 0.277706 
138707003142320 0.708660 0.375262 0.523455 0.288053 
138707022911955 0.699164 0.352688 0.541862 0.305231 
138707042649716 0.690197 0.330469 0.555633 0.325100 
138707062436122 0.699302 0.305911 0.550920 0.337465 
138707082282007 0.721586 0.276184 0.536972 0.338670 
138707102187945 0.736280 0.242936 0.537287 0.331959 
138707122145445 0.733540 0.209115 0.558457 0.326061 
138707142138726 0.715067 0.183746 0.588659 0.329237 
138707162146174 0.691127 0.191767 0.609849 0.337125 
138707182054716 0.672847 0.240157 0.614310 0.335000 
138707201933882 0.665742 0.305252 0.603489 0.315292 
138707221813049 0.660764 0.360031 0.593637 0.285243 
138707241692216 0.652649 0.395055 0.593993 0.255250 
138707261571382 0.641025 0.417177 0.605785 0.219261 
138707281450549 0.630850 0.426799 0.625794 0.168081 
138707301329716 0.627991 0.421306 0.646650 0.099854 
138707321208882 0.631129 0.399862 0.664357 0.020402 
138707341088049 -0.628324 -0.362819 -0.685825 0.056789 
138707360967216 -0.610788 -0.314275 -0.717075 0.118207 
138707380846382 -0.586884 -0.273170 -0.743958 0.165748 
138707400725549 -0.560603 -0.253786 -0.760391 0.207659 
138707420604716 -0.533417 -0.249229 -0.770078 0.245622 
138707440483882 -0.511450 -0.258285 -0.770443 0.279507 
138707460363049 -0.492969 -0.284943 -0.759397 0.314809 
138707480242216 -0.472954 -0.322007 -0.740079 0.353425 
138707500121382 -0.446623 -0.364361 -0.715821 0.394169 
138707520001278 -0.414215 -0.403183 -0.691157 0.433787 
138707539876278 -0.377673 -0.432672 -0.667753 0.473566 
138707559751278 -0.337175 -0.447614 -0.647566 0.516345 
138707579626278 -0.296254 -0.464157 -0.627731 0.550224 
138707599502528 -0.254712 -0.512393 -0.602789 0.556076 
138707619380861 -0.208113 -0.579264 -0.573586 0.540501 
138707639261278 -0.165186 -0.634038 -0.547716 0.520304 
138707659143414 -0.135072 -0.668675 -0.525924 0.507970 
138707679025705 -0.116107 -0.687541 -0.509520 0.504178 
138707698907997 -0.098486 -0.695024 -0.499845 0.507344 
138707718790289 -0.073179 -0.697986 -0.492595 0.514598 
138707738670966 -0.047050 -0.703387 -0.485091 0.517416 
138707758550132 -0.036837 -0.716490 -0.474398 0.510130 
138707778429299 -0.041102 -0.732103 -0.459731 0.500983 
138707798308466 -0.051442 -0.741151 -0.444987 0.500035 
138707818187632 -0.067937 -0.739969 -0.433415 0.509884 
138707838066799 -0.093547 -0.729472 -0.424579 0.528064 
138707857945966 -0.128021 -0.712330 -0.416627 0.550107 
138707877825132 -0.171168 -0.691433 -0.405719 0.572724 
138707897704299 -0.224681 -0.669348 -0.386041 0.593687 
138707917583466 -0.288148 -0.646440 -0.354047 0.611340 
138707937462632 -0.359311 -0.620496 -0.308942 0.624848 
138707957341799 -0.430887 -0.589606 -0.251417 0.635208 
138707977220966 -0.495924 -0.553273 -0.183668 0.643595 
138707997100132 -0.552624 -0.510012 -0.108592 0.650155 
138708016919455 -0.601865 -0.454157 -0.031636 0.656124 
138708036646278 -0.646977 -0.386250 0.039818 0.656236 
138708056416747 -0.692090 -0.311182 0.095405 0.644264 
138708076244195 -0.735587 -0.235708 0.130961 0.621452 
138708096132632 -0.772746 -0.167073 0.151549 0.593282 
138708116075757 -0.802721 -0.109979 0.163411 0.562887 
138708136059976 -0.826140 -0.062837 0.171673 0.532986 
138708156065236 -0.843552 -0.023687 0.179489 0.505611 
138708176012528 -0.857468 0.008102 0.183634 0.480584 
138708195891695 -0.869546 0.033014 0.182523 0.457695 
138708215770861 -0.879987 0.052807 0.177988 0.437213 
138708235650028 -0.888494 0.068987 0.172329 0.419668 
138708255529195 -0.894884 0.082049 0.168064 0.405222 
138708275408361 -0.898933 0.089993 0.169637 0.393756 
138708295287528 -0.900094 0.090834 0.179296 0.386567 
138708315166695 -0.898241 0.085731 0.193894 0.384993 
138708335045861 -0.894860 0.076068 0.208887 0.387046 
138708354925028 -0.891228 0.062437 0.221189 0.391011 
138708374804195 -0.886708 0.043304 0.230875 0.398209 
138708394683361 -0.880059 0.017092 0.238422 0.410316 
138708414562528 -0.870689 -0.015851 0.242575 0.427559 
138708434441695 -0.858321 -0.054175 0.240903 0.449796 
138708454320861 -0.842987 -0.096193 0.233023 0.475205 
138708474200028 -0.824718 -0.141347 0.220872 0.501075 
138708494079195 -0.803924 -0.190938 0.204803 0.524695 
138708513958361 -0.779826 -0.245117 0.182767 0.546246 
138708533837528 -0.750403 -0.300316 0.155757 0.567842 
138708553716695 -0.714499 -0.353777 0.127697 0.589938 
138708573595861 -0.672676 -0.406403 0.100971 0.610039 
138708593475028 -0.625723 -0.459693 0.077969 0.625359 
138708613354195 -0.576802 -0.508474 0.057061 0.636787 
138708633233361 -0.528627 -0.551672 0.034148 0.644241 
138708653112528 -0.481307 -0.588352 0.007632 0.649713 
138708672991695 -0.434056 -0.618555 -0.022313 0.654589 
138708692870861 -0.386013 -0.644631 -0.053513 0.657710 
138708712750028 -0.337271 -0.669545 -0.084448 0.656374 
138708732629195 -0.289014 -0.693027 -0.114123 0.650508 
138708752508361 -0.242444 -0.714552 -0.141798 0.640725 
138708772387528 -0.197888 -0.734769 -0.168154 0.626641 
138708792266695 -0.155380 -0.752735 -0.194930 0.609302 
138708812145861 -0.115911 -0.764353 -0.223392 0.593654 
138708832025028 -0.081889 -0.768226 -0.251608 0.582938 
138708851904195 -0.055214 -0.768370 -0.277175 0.574224 
138708871783361 -0.033693 -0.766532 -0.299204 0.567248 
138708891662528 -0.013022 -0.763448 -0.314764 0.563828 
138708911541695 0.006204 -0.762672 -0.321010 0.561467 
138708931420861 0.020338 -0.765656 -0.319844 0.557725 
138708951300028 0.028517 -0.769268 -0.315806 0.554689 
138708971179195 0.029852 -0.771255 -0.310939 0.554608 
138708991058361 0.021559 -0.772011 -0.302770 0.558448 
138709010937528 0.003444 -0.772249 -0.287903 0.566331 
138709030814507 -0.023140 -0.770381 -0.267400 0.578338 
138709050688466 -0.058485 -0.765840 -0.243305 0.592344 
138709070562841 -0.101986 -0.759917 -0.215653 0.604663 
138709090439195 -0.150799 -0.752199 -0.183440 0.614659 
138709110317632 -0.202606 -0.741665 -0.147166 0.622275 
138709130198153 -0.256605 -0.727145 -0.107725 0.627542 
138709150080341 -0.311886 -0.705632 -0.068278 0.632574 
138709169962632 -0.368408 -0.675496 -0.031639 0.637950 
138709189844924 -0.426510 -0.637219 0.001557 0.641903 
138709209727216 -0.484755 -0.592641 0.031318 0.642502 
138709229607736 -0.541367 -0.544100 0.058134 0.638355 
138709249486903 -0.594808 -0.493001 0.083161 0.629474 
138709269366070 -0.642996 -0.439605 0.108459 0.617690 
138709289245236 -0.684517 -0.385431 0.134287 0.604026 
138709309124403 -0.720776 -0.332544 0.155841 0.587886 
138709329003570 -0.754062 -0.282652 0.173918 0.566790 
138709348882736 -0.785231 -0.234020 0.186036 0.542252 
138709368761903 -0.814288 -0.185212 0.184506 0.518255 
138709388641070 -0.841877 -0.136283 0.166632 0.494877 
138709408520236 -0.866879 -0.089659 0.141158 0.469636 
138709428399403 -0.886090 -0.047992 0.120367 0.445031 
138709448278570 -0.897881 -0.013845 0.108489 0.426436 
138709468157736 -0.904406 0.010863 0.103395 0.413813 
138709488036903 -0.908887 0.027266 0.103889 0.402973 
138709507916070 -0.912470 0.037935 0.108001 0.392806 
138709527647424 -0.914573 0.043149 0.113405 0.385789 
138709547396174 -0.914965 0.041721 0.119311 0.383227 
138709567196903 -0.914028 0.033253 0.123605 0.384927 
138709587058153 -0.911377 0.019330 0.124462 0.391825 
138709606977841 -0.906248 0.000392 0.123134 0.404416 
138709626945653 -0.897826 -0.023953 0.121382 0.422612 
138709646944195 -0.885435 -0.053726 0.119816 0.445828 
138709666935549 -0.868650 -0.089019 0.118462 0.472746 
138709686828466 -0.847643 -0.129745 0.118029 0.500736 
138709706707632 -0.822054 -0.177028 0.119622 0.527805 
138709726586799 -0.791871 -0.231253 0.122564 0.551761 
138709746465966 -0.758094 -0.292265 0.125776 0.569258 
138709766345132 -0.721809 -0.355526 0.126759 0.580107 
138709786224299 -0.684051 -0.415236 0.124659 0.586612 
138709806103466 -0.645412 -0.469839 0.118585 0.590451 
138709825982632 -0.605925 -0.518709 0.105125 0.593923 
138709845861799 -0.564508 -0.561650 0.082119 0.599280 
138709865740966 -0.520439 -0.598540 0.051312 0.606844 
138709885620132 -0.474683 -0.629384 0.015980 0.615058 
138709905499299 -0.427914 -0.656373 -0.020579 0.621000 
138709925378466 -0.379682 -0.684475 -0.056843 0.619761 
138709945257632 -0.330223 -0.715076 -0.094083 0.608907 
138709965136799 -0.280110 -0.743577 -0.131719 0.592690 
138709985015966 -0.230508 -0.766199 -0.165988 0.576415 
138710004895132 -0.183774 -0.782784 -0.194754 0.561736 
138710024657111 -0.141673 -0.793697 -0.218923 0.549587 
138710044396903 -0.104777 -0.799946 -0.240522 0.539683 
138710064186799 -0.072052 -0.802240 -0.259658 0.532726 
138710084036747 -0.042981 -0.801222 -0.275213 0.529579 
138710103946226 -0.019567 -0.799075 -0.286240 0.528359 
138710123906018 -0.002185 -0.796383 -0.293854 0.528601 
138710143899716 0.008666 -0.793434 -0.298234 0.530513 
138710163903414 0.010749 -0.791881 -0.297991 0.532926 
138710183807424 0.002596 -0.791908 -0.292398 0.536077 
138710203686591 -0.016402 -0.792342 -0.282104 0.540687 
138710223565757 -0.045929 -0.793465 -0.265774 0.545589 
138710243444924 -0.082178 -0.796329 -0.239557 0.549290 
138710263324091 -0.122936 -0.800685 -0.200875 0.550853 
138710283203257 -0.168650 -0.802931 -0.150937 0.551432 
138710303082424 -0.217071 -0.798408 -0.095268 0.553488 
138710322961591 -0.265993 -0.785162 -0.040283 0.557805 
138710342840757 -0.314809 -0.763963 0.010911 0.563149 
138710362719924 -0.364283 -0.735922 0.055594 0.568003 
138710382599091 -0.416708 -0.700247 0.092525 0.572231 
138710402478257 -0.473012 -0.657351 0.123032 0.573595 
138710422357424 -0.530909 -0.608415 0.149063 0.570742 
138710442236591 -0.586639 -0.555376 0.171809 0.563821 
138710462115757 -0.638006 -0.500517 0.189738 0.553561 
138710481994924 -0.684948 -0.446024 0.200893 0.539955 
138710501874091 -0.726558 -0.394453 0.209400 0.522180 
138710521653882 -0.760672 -0.346565 0.222190 0.501899 
138710541377736 -0.787234 -0.300596 0.240922 0.481520 
138710561152736 -0.807515 -0.257367 0.261039 0.462105 
138710580990966 -0.823181 -0.218423 0.276200 0.445396 
138710600893570 -0.836412 -0.183348 0.284988 0.430791 
138710620851486 -0.849000 -0.151539 0.286308 0.417447 
138710640848778 -0.861259 -0.122596 0.282231 0.404412 
138710660863466 -0.872313 -0.095799 0.276234 0.391902 
138710680786591 -0.881025 -0.072294 0.270656 0.381200 
138710700665757 -0.887018 -0.052504 0.265874 0.373837 
138710720544924 -0.889913 -0.037236 0.263248 0.370632 
138710740424091 -0.889945 -0.028505 0.262925 0.371558 
138710760303257 -0.887329 -0.029131 0.263373 0.377404 
138710780182424 -0.882410 -0.039905 0.262353 0.388498 
138710800061591 -0.875271 -0.059570 0.259670 0.403637 
138710819940757 -0.865246 -0.086867 0.256754 0.421758 
138710839819924 -0.851949 -0.120702 0.252975 0.442286 
138710859699091 -0.835328 -0.160524 0.246531 0.464415 
138710879578257 -0.815187 -0.205915 0.236355 0.487038 
138710899457424 -0.791213 -0.256085 0.223025 0.508589 
138710919336591 -0.763317 -0.308953 0.207151 0.528190 
138710939215757 -0.731422 -0.362336 0.190286 0.545459 
138710959094924 -0.695647 -0.414478 0.172105 0.560948 
138710978974091 -0.656707 -0.464308 0.150794 0.574818 
138710998853257 -0.616997 -0.508147 0.124582 0.587862 
138711018702372 -0.579062 -0.539426 0.089032 0.604797 
138711038514351 -0.541764 -0.559309 0.043503 0.625918 
138711058345080 -0.500611 -0.574031 -0.002405 0.647974 
138711078201330 -0.456351 -0.595427 -0.031690 0.660459 
138711098084403 -0.406567 -0.621763 -0.058778 0.666827 
138711117991434 -0.354272 -0.651080 -0.085123 0.665838 
138711137916955 -0.304103 -0.679906 -0.108459 0.658396 
138711157851851 -0.258447 -0.708334 -0.127382 0.644393 
138711177766174 -0.218814 -0.735040 -0.142282 0.625773 
138711197645341 -0.183626 -0.758007 -0.154960 0.606377 
138711217524507 -0.151382 -0.776229 -0.167558 0.588622 
138711237403674 -0.122349 -0.790513 -0.181672 0.571940 
138711257282841 -0.096393 -0.800107 -0.196639 0.558454 
138711277162007 -0.074193 -0.806297 -0.210007 0.547975 
138711297041174 -0.055867 -0.810135 -0.219839 0.540583 
138711316920341 -0.041629 -0.811500 -0.225932 0.537298 
138711336799507 -0.033794 -0.810591 -0.228504 0.538132 
138711356678674 -0.033896 -0.808041 -0.228016 0.542153 
138711376557841 -0.041808 -0.803088 -0.224770 0.550254 
138711396437007 -0.057663 -0.795627 -0.218549 0.562040 
138711416316174 -0.082227 -0.786900 -0.207416 0.575331 
138711436195341 -0.114544 -0.777963 -0.189048 0.588145 
138711456074507 -0.151954 -0.768950 -0.162677 0.599301 
138711475953674 -0.191572 -0.759190 -0.129945 0.608313 
138711495832841 -0.232359 -0.746585 -0.095050 0.616106 
138711515712007 -0.274646 -0.728839 -0.062244 0.624090 
138711535591174 -0.318528 -0.705074 -0.033969 0.632658 
138711555470341 -0.364046 -0.675794 -0.010591 0.640828 
138711575349507 -0.410942 -0.642219 0.009171 0.646991 
138711595228674 -0.459003 -0.605892 0.027352 0.649201 
138711615107841 -0.508432 -0.567116 0.046319 0.646321 
138711634987007 -0.559289 -0.526006 0.067930 0.637102 
138711654866174 -0.609758 -0.481978 0.092139 0.622417 
138711674745341 -0.657438 -0.434645 0.117445 0.604207 
138711694624507 -0.701649 -0.383992 0.139142 0.583847 
138711714503674 -0.744292 -0.330790 0.152545 0.559765 
138711734382841 -0.785031 -0.277749 0.157508 0.530823 
138711754262007 -0.820145 -0.227197 0.156645 0.501205 
138711774141174 -0.845757 -0.182453 0.154540 0.476994 
138711794020341 -0.861748 -0.144954 0.153636 0.461275 
138711813899507 -0.871352 -0.114417 0.153412 0.451796 
138711833778674 -0.877196 -0.089118 0.152397 0.446497 
138711853657841 -0.880638 -0.066893 0.150023 0.444404 
138711873537007 -0.882818 -0.047976 0.147137 0.443489 
138711893416174 -0.884596 -0.034052 0.145600 0.441736 
138711913295341 -0.886208 -0.025742 0.146743 0.438679 
138711933174507 -0.887321 -0.024099 0.151661 0.434834 
138711953053674 -0.887051 -0.029784 0.160681 0.431781 
138711972932841 -0.884874 -0.041962 0.171285 0.431159 
138711992812007 -0.880668 -0.059113 0.180152 0.434136 
138712012691486 -0.874227 -0.079985 0.184767 0.441804 
138712032571851 -0.864737 -0.104800 0.186020 0.454579 
138712052451018 -0.851106 -0.133539 0.185475 0.472635 
138712072330184 -0.833366 -0.165799 0.184759 0.493838 
138712092209351 -0.812345 -0.200419 0.185730 0.515201 
138712112088518 -0.788424 -0.236359 0.189397 0.535397 
138712131967684 -0.761400 -0.275696 0.194339 0.553619 
138712151846851 -0.731153 -0.322133 0.196823 0.568248 
138712171726018 -0.697293 -0.376398 0.194072 0.578311 
138712191605184 -0.659574 -0.436611 0.185394 0.583063 
138712211484351 -0.619208 -0.498175 0.170323 0.582575 
138712231363518 -0.577233 -0.555001 0.148302 0.580330 
138712251242684 -0.533769 -0.603032 0.119151 0.580729 
138712271121851 -0.488425 -0.641015 0.083617 0.586131 
138712291001018 -0.440803 -0.670299 0.044920 0.595293 
138712310880184 -0.391429 -0.694313 0.006972 0.603875 
138712330759351 -0.341310 -0.716803 -0.027646 0.607401 
138712350638518 -0.292262 -0.738684 -0.057799 0.604639 
138712370517684 -0.245766 -0.760311 -0.083806 0.595402 
138712390396851 -0.202359 -0.781217 -0.106363 0.580894 
138712410276018 -0.162093 -0.801423 -0.124940 0.561994 
138712430155184 -0.125895 -0.820416 -0.140013 0.539874 
138712450034351 -0.093253 -0.837362 -0.153455 0.516314 
138712469913518 -0.064524 -0.850800 -0.166145 0.494340 
138712489792684 -0.041292 -0.859545 -0.177946 0.477297 
138712509671851 -0.023946 -0.863268 -0.189849 0.467068 
138712529351382 -0.012240 -0.862180 -0.201212 0.464767 
138712549066278 -0.006704 -0.858229 -0.209987 0.468297 
138712568849716 -0.010242 -0.853882 -0.213627 0.474493 
138712588710966 -0.026324 -0.848764 -0.209612 0.484737 
138712608647007 -0.058260 -0.841734 -0.194633 0.500207 
138712628643049 -0.105446 -0.832298 -0.166257 0.518189 
138712648676903 -0.160698 -0.817822 -0.127350 0.537703 
138712668693257 -0.215002 -0.796814 -0.083985 0.558397 
138712688586382 -0.262620 -0.771848 -0.042867 0.577445 
138712708465549 -0.304345 -0.745648 -0.008383 0.592716 
138712728344716 -0.345370 -0.718698 0.018770 0.603192 
138712748223882 -0.388761 -0.689952 0.040784 0.609236 
138712768103049 -0.435105 -0.658295 0.060455 0.611291 
138712787982216 -0.484467 -0.621591 0.079713 0.610379 
138712807861382 -0.536147 -0.578559 0.098769 0.606680 
138712827740549 -0.587826 -0.529318 0.116501 0.600592 
138712847619716 -0.637052 -0.476415 0.132910 0.591209 
138712867498882 -0.681928 -0.423168 0.150004 0.577410 
138712887378049 -0.721550 -0.372218 0.171218 0.558125 
138712907257216 -0.757142 -0.323320 0.193423 0.533655 
138712927136382 -0.788533 -0.278082 0.209554 0.506925 
138712947015549 -0.813780 -0.239713 0.216870 0.482978 
138712966894716 -0.832207 -0.207866 0.218827 0.465122 
138712986773882 -0.846393 -0.177365 0.218671 0.452044 
138713006653049 -0.859566 -0.143153 0.215831 0.440535 
138713026533726 -0.873129 -0.104461 0.207887 0.428387 
138713046412893 -0.886361 -0.063150 0.193428 0.415886 
138713066292059 -0.897699 -0.023192 0.173887 0.404180 
138713086171226 -0.905096 0.010142 0.154561 0.395990 
138713106050393 -0.907953 0.031360 0.143122 0.392625 
138713125929559 -0.906980 0.036379 0.143884 0.394158 
138713145808726 -0.902739 0.025777 0.153079 0.401204 
138713165687893 -0.896452 0.004359 0.160862 0.412890 
138713185567059 -0.889833 -0.022729 0.158714 0.427188 
138713205446226 -0.882232 -0.053288 0.146426 0.444282 
138713225325393 -0.870659 -0.086686 0.128160 0.466918 
138713245204559 -0.853321 -0.122166 0.109335 0.494939 
138713265083726 -0.830982 -0.159655 0.093918 0.524556 
138713284962893 -0.804907 -0.201035 0.082019 0.552252 
138713304842059 -0.775072 -0.248373 0.070426 0.576727 
138713324721226 -0.741300 -0.301477 0.056909 0.596948 
138713344600393 -0.704402 -0.357720 0.039663 0.611785 
138713364479559 -0.665206 -0.413955 0.019516 0.621097 
138713384358726 -0.623347 -0.467094 -0.002437 0.627100 
138713404237893 -0.578234 -0.514983 -0.025574 0.632284 
138713424117059 -0.530829 -0.558592 -0.047927 0.635530 
138713443996226 -0.481007 -0.595505 -0.072922 0.639287 
138713463875393 -0.428302 -0.624872 -0.102747 0.644620 
138713483754559 -0.373477 -0.648966 -0.132053 0.649553 
138713503633726 -0.318552 -0.670887 -0.157181 0.650945 
138713523513570 -0.265171 -0.691818 -0.177675 0.647691 
138713543393778 -0.214238 -0.712593 -0.194071 0.639257 
138713563273986 -0.166289 -0.733206 -0.207244 0.625945 
138713583153153 -0.121601 -0.752029 -0.219161 0.609618 
138713603032320 -0.080687 -0.767141 -0.231166 0.592913 
138713622911486 -0.044833 -0.777293 -0.244218 0.578068 
138713642790653 -0.014506 -0.781353 -0.258535 0.567836 
138713662669820 0.011241 -0.779624 -0.273978 0.563024 
138713682548986 0.028908 -0.774972 -0.286492 0.562588 
138713702428153 0.032135 -0.771544 -0.289548 0.565551 
138713722307320 0.020071 -0.771825 -0.280695 0.570170 
138713742186486 -0.003572 -0.773572 -0.263571 0.576285 
138713762065653 -0.037444 -0.772778 -0.244002 0.584701 
138713781944820 -0.081111 -0.767080 -0.223948 0.595699 
138713801823986 -0.132259 -0.757524 -0.200553 0.606996 
138713821703153 -0.187495 -0.745381 -0.170700 0.616535 
138713841582320 -0.243455 -0.730470 -0.134741 0.623689 
138713861461486 -0.298046 -0.711554 -0.095991 0.629003 
138713881340653 -0.351608 -0.686296 -0.059494 0.633901 
138713901219820 -0.404990 -0.652843 -0.029286 0.639470 
138713921098986 -0.457830 -0.613023 -0.007132 0.643851 
138713940978153 -0.510509 -0.567987 0.007808 0.645531 
138713960857320 -0.563834 -0.518843 0.016911 0.642345 
138713980736486 -0.617171 -0.466428 0.023419 0.633244 
138714000615653 -0.668139 -0.412058 0.030199 0.618778 
138714020496903 -0.714114 -0.357400 0.037680 0.600738 
138714040376695 -0.753398 -0.305154 0.045504 0.580691 
138714060255861 -0.785087 -0.257274 0.054543 0.560779 
138714080135028 -0.809425 -0.213778 0.065253 0.543021 
138714100014195 -0.827941 -0.174282 0.077036 0.527452 
138714119893361 -0.842268 -0.138669 0.088713 0.513308 
138714139772528 -0.853504 -0.106633 0.098313 0.500494 
138714159651695 -0.862126 -0.077682 0.103813 0.489823 
138714179530861 -0.868611 -0.051984 0.104717 0.481505 
138714199410028 -0.873864 -0.028158 0.100383 0.474859 
138714219289195 -0.878903 -0.004956 0.093456 0.467729 
138714239168361 -0.883950 0.018056 0.086083 0.459235 
138714259047528 -0.888013 0.039108 0.079707 0.451165 
138714278926695 -0.889956 0.054225 0.077345 0.446158 
138714298805861 -0.889823 0.060809 0.080518 0.445011 
138714318685028 -0.888322 0.058087 0.088224 0.446908 
138714338564195 -0.886153 0.046764 0.098226 0.450442 
138714358443361 -0.883050 0.028006 0.107396 0.455966 
138714378322528 -0.878071 0.003416 0.110450 0.465596 
138714398201695 -0.870517 -0.023763 0.104059 0.480424 
138714418080861 -0.860400 -0.054105 0.090863 0.498526 
138714437960028 -0.847845 -0.086115 0.073516 0.518013 
138714457839195 -0.833241 -0.117823 0.051988 0.537704 
138714477718361 -0.816637 -0.150037 0.030054 0.556498 
138714497597528 -0.797719 -0.185576 0.010784 0.573663 
138714517478882 -0.775998 -0.227569 -0.005862 0.588222 
138714537359924 -0.750434 -0.277171 -0.022272 0.599608 
138714557239091 -0.719655 -0.331614 -0.040582 0.608673 
138714577118257 -0.683076 -0.386676 -0.060951 0.616582 
138714596997424 -0.643188 -0.438059 -0.085022 0.622242 
138714616876591 -0.599656 -0.482400 -0.115565 0.627970 
138714636755757 -0.549111 -0.518187 -0.153557 0.637479 
138714656634924 -0.490080 -0.543641 -0.198588 0.651797 
138714676514091 -0.424612 -0.557296 -0.247626 0.669184 
138714696393257 -0.356987 -0.560727 -0.294460 0.686614 
138714716272424 -0.290237 -0.555878 -0.335766 0.702867 
138714736151591 -0.225700 -0.544620 -0.370402 0.717810 
138714756030757 -0.163288 -0.526090 -0.400169 0.732415 
138714775909924 -0.103189 -0.499010 -0.424789 0.748262 
138714795789091 -0.046736 -0.464033 -0.442892 0.765726 
138714815668257 0.003252 -0.424464 -0.454774 0.782943 
138714835547424 0.045124 -0.385666 -0.462092 0.797306 
138714855426591 0.077895 -0.352830 -0.466605 0.807294 
138714875305757 0.104492 -0.326290 -0.468959 0.814060 
138714895184924 0.128082 -0.303419 -0.468766 0.819628 
138714915064091 0.148884 -0.281941 -0.466371 0.825131 
138714934943257 0.165043 -0.264203 -0.464286 0.829094 
138714954822424 0.176121 -0.252488 -0.463662 0.830812 
138714974701591 0.182548 -0.244712 -0.463761 0.831696 
138714994580757 0.184160 -0.237180 -0.463503 0.833664 
138715014460966 0.185480 -0.220716 -0.461368 0.839060 
138715034343518 0.180327 -0.200001 -0.458701 0.846803 
138715054222684 0.168233 -0.180543 -0.456017 0.855074 
138715074101851 0.156318 -0.160112 -0.453667 0.862621 
138715093981018 0.146515 -0.139495 -0.451176 0.869203 
138715113860184 0.140155 -0.121263 -0.445722 0.875776 
138715133739351 0.137850 -0.105885 -0.437559 0.882229 
138715153618518 0.137801 -0.091293 -0.430785 0.887187 
138715173497684 0.138371 -0.076934 -0.426813 0.890374 
138715193376851 0.137924 -0.064126 -0.424080 0.892760 
138715213256018 0.136460 -0.053469 -0.422407 0.894479 
138715233135184 0.134380 -0.045804 -0.421469 0.895660 
138715253014351 0.131418 -0.041334 -0.420458 0.896792 
138715272893518 0.128725 -0.036657 -0.419328 0.897914 
138715292772684 0.127321 -0.029839 -0.417388 0.899270 
138715312651851 0.127202 -0.023442 -0.415033 0.900565 
138715332531018 0.128850 -0.020267 -0.414647 0.900586 
138715352410184 0.132083 -0.020777 -0.417789 0.898652 
138715372289351 0.135423 -0.023106 -0.422816 0.895742 
138715392168518 0.139272 -0.024416 -0.426261 0.893481 
138715412047684 0.144410 -0.024624 -0.427515 0.892060 
138715431926851 0.148194 -0.026851 -0.428745 0.890784 
138715451806018 0.148649 -0.030716 -0.429982 0.889986 
138715471685184 0.147038 -0.031374 -0.429664 0.890384 
138715491564351 0.145954 -0.029130 -0.427078 0.891882 
138715511443934 0.145563 -0.029791 -0.422797 0.893961 
138715531327476 0.144851 -0.034807 -0.419300 0.895541 
