# Created at Thu Dec 04 21:57:27 GMT+08:00 2025 in Burnaby Canada 
138703941739688 -1.811434 1.017962 9.583989 
138703961618854 -1.816103 1.062696 9.578248 
138703981498021 -1.730071 1.139968 9.585286 
138704001377188 -1.588434 1.273255 9.593022 
138704021256354 -1.472274 1.470515 9.583339 
138704041135521 -1.440877 1.687542 9.552301 
138704061014688 -1.584908 1.892953 9.490794 
138704080893854 -1.831783 2.090859 9.404428 
138704100773021 -2.001246 2.251361 9.332565 
138704120652188 -2.080404 2.345428 9.292001 
138704140531354 -2.121815 2.405766 9.267178 
138704160410521 -1.980031 2.502122 9.273039 
138704180289688 -1.594784 2.644468 9.307730 
138704200168854 -1.094139 2.779713 9.340581 
138704220048021 -0.793647 2.825042 9.357331 
138704239927188 -0.659125 2.844848 9.361773 
138704259806354 -0.490487 2.818182 9.380174 
138704279685521 -0.367553 2.743025 9.408034 
138704299564688 -0.282336 2.630542 9.443036 
138704319443854 -0.125501 2.488413 9.484853 
138704339323021 0.074661 2.360394 9.518054 
138704359202188 0.268878 2.267789 9.537045 
138704379081354 0.395048 2.204732 9.547433 
138704398960521 0.430318 2.152965 9.557716 
138704418839688 0.488386 2.072153 9.572777 
138704438718882 0.624582 1.969467 9.586527 
138704458598049 0.797819 1.879830 9.591669 
138704478477216 1.154943 1.779205 9.574493 
138704498356382 1.601265 1.649539 9.533381 
138704518235549 1.813980 1.527503 9.515597 
138704538114716 2.024503 1.461706 9.483417 
138704557993882 2.335378 1.503789 9.405052 
138704577873049 2.781740 1.602812 9.266245 
138704597752216 3.460012 1.658846 9.024795 
138704617631382 4.226170 1.585465 8.706100 
138704637510549 4.894371 1.407195 8.380651 
138704657389716 5.471422 1.222253 8.046119 
138704677268882 6.091555 1.034888 7.615271 
138704697148049 6.789394 0.702077 7.041420 
138704717027216 7.405689 0.114998 6.427515 
138704736906382 7.894677 -0.666005 5.779352 
138704756785549 8.311766 -1.584380 4.957286 
138704776664716 8.503291 -2.700676 4.070722 
138704796543882 8.418074 -3.968708 3.091239 
138704816423049 8.093462 -5.247882 1.768055 
138704836302216 7.536647 -6.271209 0.203178 
138704856181382 6.871489 -6.881096 -1.266310 
138704876060549 6.325471 -7.107604 -2.375030 
138704895939716 5.980550 -7.134621 -3.082304 
138704915818882 5.860312 -7.021746 -3.538674 
138704935698049 5.979662 -6.759618 -3.836874 
138704955577216 6.352611 -6.385417 -3.878297 
138704975456382 6.926347 -5.941152 -3.591493 
138704995335549 7.554473 -5.445630 -3.073342 
138705015214716 8.142936 -4.853597 -2.511091 
138705035094924 8.689910 -4.083599 -1.995010 
138705054975132 9.179798 -3.093662 -1.526742 
138705074855341 9.561079 -1.967417 -0.940973 
138705094735549 9.770194 -0.800877 -0.268885 
138705114615757 9.794943 0.463121 0.122518 
138705134495966 9.649666 1.735696 0.204196 
138705154376174 9.388260 2.833493 0.047591 
138705174256382 9.045805 3.777728 -0.269408 
138705194136591 8.629558 4.609550 -0.673192 
138705214016018 8.195198 5.306523 -0.921921 
138705233895184 7.819862 5.850178 -0.891942 
138705253774351 7.544795 6.224370 -0.709712 
138705273653518 7.384100 6.430430 -0.543164 
138705293532684 7.359361 6.465910 -0.449657 
138705313411851 7.488612 6.322336 -0.345162 
138705333291018 7.762072 5.990691 -0.179599 
138705353170184 8.122915 5.494415 -0.007171 
138705373049351 8.500679 4.886574 0.173851 
138705392928518 8.870084 4.161511 0.416924 
138705412807684 9.207522 3.276830 0.808879 
138705432686851 9.479609 2.159358 1.282413 
138705452566018 9.647283 0.831960 1.551830 
138705472445184 9.667990 -0.597273 1.530894 
138705492324351 9.486608 -2.040711 1.417799 
138705512204559 9.090311 -3.453271 1.269469 
138705532081955 8.515383 -4.750268 1.045757 
138705551959039 7.856201 -5.818016 0.775370 
138705571836122 7.251033 -6.584870 0.482068 
138705591713205 6.722676 -7.138851 0.113260 
138705611590289 6.205828 -7.586022 -0.332193 
138705631467372 5.656366 -7.957259 -0.926246 
138705651345914 5.365757 -7.987399 -1.892222 
138705671225080 5.581524 -7.384080 -3.239189 
138705691104247 6.150375 -6.435617 -4.114134 
138705710983414 6.716806 -5.769671 -4.214949 
138705730862580 7.174384 -5.413432 -3.923435 
138705750741747 7.721358 -4.944625 -3.478752 
138705770620914 8.340928 -4.156479 -3.053357 
138705790500080 8.936991 -3.126035 -2.555090 
138705810379247 9.412488 -2.087178 -1.794202 
138705830258414 9.692884 -1.089610 -1.015447 
138705850137580 9.789070 -0.128318 -0.572734 
138705870016747 9.761194 0.798749 -0.501459 
138705889895914 9.652646 1.637672 -0.561088 
138705909775080 9.502738 2.331837 -0.656416 
138705929654247 9.346694 2.893002 -0.663500 
138705949533414 9.213958 3.327188 -0.450757 
138705969412580 9.116745 3.613189 -0.015235 
138705989291747 9.031737 3.786583 0.509804 
138706009170914 8.929742 3.948353 0.916845 
138706029061434 8.835638 4.077288 1.215577 
138706048941851 8.805302 4.073950 1.428274 
138706068821018 8.811109 4.013242 1.558415 
138706088700184 8.804197 3.966383 1.710059 
138706108579351 8.746331 3.903620 2.105667 
138706128458518 8.675229 3.765424 2.594680 
138706148337684 8.654583 3.716482 2.730633 
138706168216851 8.655906 3.946174 2.381890 
138706188096018 8.563465 4.418019 1.821694 
138706207975184 8.310486 5.044255 1.289075 
138706227854351 7.956197 5.676543 0.803846 
138706247733518 7.585626 6.204067 0.371772 
138706267612684 7.253810 6.598655 -0.101839 
138706287491851 6.911836 6.933372 -0.570334 
138706307371018 6.560395 7.229914 -0.927340 
138706327250184 6.248345 7.459652 -1.217433 
138706347129351 6.020100 7.591562 -1.515574 
138706367008518 5.942120 7.591465 -1.797574 
138706386887684 6.042190 7.432524 -2.102360 
138706406766851 6.246544 7.149851 -2.455746 
138706426646018 6.460840 6.843530 -2.755731 
138706446525184 6.763450 6.493200 -2.874801 
138706466404351 7.406648 5.826063 -2.714579 
138706486283518 8.276959 4.763447 -2.229776 
138706506162684 8.777485 4.006278 -1.753817 
138706526041851 8.760830 4.170116 -1.424214 
138706545917893 8.386438 4.875487 -1.437938 
138706565793934 7.981924 5.508556 -1.454334 
138706585669976 7.753371 5.888672 -1.174386 
138706605546174 7.639358 6.089088 -0.856501 
138706625424091 7.519101 6.259574 -0.671753 
138706645304091 7.449069 6.361588 -0.460394 
138706665185341 7.464445 6.358530 -0.146755 
138706685066591 7.494772 6.322698 0.149165 
138706704947841 7.497623 6.314948 0.278345 
138706724829091 7.471098 6.348231 0.230335 
138706744710341 7.411005 6.418701 0.218336 
138706764591591 7.305441 6.535229 0.302817 
138706784471486 7.128372 6.731238 0.217141 
138706804350653 6.830127 7.031451 -0.280106 
138706824229820 6.427519 7.354544 -0.876398 
138706844108986 6.057716 7.615444 -1.216345 
138706863988153 5.793521 7.767622 -1.506500 
138706883867320 5.498040 7.867289 -2.011889 
138706903746486 5.104517 7.977674 -2.543820 
138706923625653 4.791219 8.050061 -2.900190 
138706943504820 4.694345 8.044236 -3.069816 
138706963383986 4.802845 7.952766 -3.139518 
138706983263153 4.984203 7.853762 -3.105888 
138707003142320 5.155478 7.856388 -2.805102 
138707022911955 5.319109 7.933873 -2.220614 
138707042649716 5.414461 8.002281 -1.678540 
138707062436122 5.531442 7.934019 -1.620147 
138707082282007 5.765062 7.701795 -1.901788 
138707102187945 6.177191 7.353828 -1.983410 
138707122145445 6.697280 6.981558 -1.604578 
138707142138726 7.069318 6.738934 -0.884245 
138707162146174 6.998685 6.863576 -0.283041 
138707182054716 6.528947 7.314481 -0.203953 
138707201933882 5.992354 7.729982 -0.713759 
138707221813049 5.679172 7.888596 -1.299015 
138707241692216 5.625709 7.869812 -1.608677 
138707261571382 5.822265 7.713339 -1.666137 
138707281450549 6.335994 7.318170 -1.571613 
138707301329716 7.139671 6.573308 -1.409646 
138707321208882 8.063753 5.462844 -1.141750 
138707341088049 8.855806 4.180491 -0.518253 
138707360967216 9.318871 3.003962 0.552498 
138707380846382 9.451536 2.078070 1.587600 
138707400725549 9.394352 1.501633 2.379420 
138707420604716 9.257267 1.194589 3.007715 
138707440483882 9.144425 1.099136 3.367754 
138707460363049 9.101789 1.200220 3.447797 
138707480242216 9.097208 1.395609 3.385771 
138707500121382 9.087276 1.662655 3.290498 
138707520001278 9.045324 1.941356 3.253248 
138707539876278 8.965058 2.158725 3.337368 
138707559751278 8.815526 2.270462 3.647176 
138707579626278 8.656483 2.517548 3.859746 
138707599502528 8.599787 3.279842 3.384772 
138707619380861 8.482031 4.310469 2.376005 
138707639261278 8.244799 5.125463 1.386838 
138707659143414 8.055271 5.551727 0.679205 
138707679025705 7.959118 5.722720 0.270782 
138707698907997 7.881479 5.833738 0.142049 
138707718790289 7.751754 6.004938 0.146332 
138707738670966 7.585783 6.214719 0.059474 
138707758550132 7.511468 6.298011 -0.288602 
138707778429299 7.564193 6.197392 -0.738713 
138707798308466 7.717693 5.964008 -1.018926 
138707818187632 7.977583 5.610846 -1.023215 
138707838066799 8.334207 5.105731 -0.801803 
138707857945966 8.731747 4.439484 -0.466870 
138707877825132 9.128952 3.579341 -0.144717 
138707897704299 9.495175 2.451774 0.029254 
138707917583466 9.751982 1.033887 -0.017925 
138707937462632 9.781586 -0.643651 -0.276931 
138707957341799 9.470389 -2.460800 -0.653118 
138707977220966 8.770460 -4.266986 -1.020903 
138707997100132 7.680523 -5.960643 -1.284790 
138708016919455 6.217887 -7.463460 -1.343514 
138708036646278 4.466142 -8.628862 -1.329173 
138708056416747 2.637090 -9.327626 -1.487123 
138708076244195 0.983566 -9.571303 -1.895556 
138708096132632 -0.352783 -9.488441 -2.452636 
138708116075757 -1.358572 -9.214570 -3.068607 
138708136059976 -2.124804 -8.847712 -3.656994 
138708156065236 -2.734719 -8.448641 -4.160790 
138708176012528 -3.164679 -8.053180 -4.615353 
138708195891695 -3.409243 -7.687646 -5.044558 
138708215770861 -3.524804 -7.361705 -5.436124 
138708235650028 -3.570898 -7.080092 -5.769867 
138708255529195 -3.601906 -6.841845 -6.032065 
138708275408361 -3.685883 -6.642904 -6.201329 
138708295287528 -3.853935 -6.504952 -6.245252 
138708315166695 -4.063263 -6.456574 -6.162219 
138708335045861 -4.243666 -6.481464 -6.012679 
138708354925028 -4.345202 -6.563969 -5.848410 
138708374804195 -4.353420 -6.729273 -5.651107 
138708394683361 -4.252913 -7.002476 -5.389661 
138708414562528 -4.009545 -7.376883 -5.067103 
138708434441695 -3.577550 -7.828062 -4.700315 
138708454320861 -2.956193 -8.296563 -4.312582 
138708474200028 -2.183580 -8.717436 -3.925389 
138708494079195 -1.264301 -9.040153 -3.584352 
138708513958361 -0.169301 -9.233477 -3.299188 
138708533837528 1.052283 -9.274878 -3.006616 
138708553716695 2.303923 -9.153258 -2.660861 
138708573595861 3.530424 -8.853321 -2.307641 
138708593475028 4.681430 -8.377689 -2.017158 
138708613354195 5.705057 -7.773025 -1.789639 
138708633233361 6.616703 -7.049044 -1.643355 
138708653112528 7.425337 -6.221371 -1.526204 
138708672991695 8.131371 -5.301999 -1.392837 
138708692870861 8.720787 -4.302927 -1.266126 
138708712750028 9.178114 -3.232936 -1.216854 
138708732629195 9.488966 -2.136191 -1.251636 
138708752508361 9.653862 -1.059472 -1.360461 
138708772387528 9.683324 -0.008831 -1.550339 
138708792266695 9.589556 1.021022 -1.779975 
138708812145861 9.407616 1.999366 -1.915643 
138708832025028 9.187497 2.854826 -1.900067 
138708851904195 8.953875 3.555248 -1.832682 
138708871783361 8.725854 4.123447 -1.739837 
138708891662528 8.522995 4.569189 -1.628332 
138708911541695 8.359654 4.870158 -1.602540 
138708931420861 8.247804 5.025572 -1.699343 
138708951300028 8.192451 5.075090 -1.815924 
138708971179195 8.207434 5.028258 -1.877507 
138708991058361 8.327820 4.820592 -1.892007 
138709010937528 8.558407 4.398939 -1.890343 
138709030814507 8.859878 3.777865 -1.844099 
138709050688466 9.176482 2.975129 -1.763848 
138709070562841 9.443568 2.004703 -1.723532 
138709090439195 9.610688 0.888360 -1.736626 
138709110317632 9.636726 -0.332026 -1.787082 
138709130198153 9.491994 -1.621996 -1.855143 
138709150080341 9.172336 -2.924567 -1.866965 
138709169962632 8.680621 -4.190453 -1.804802 
138709189844924 8.009453 -5.389149 -1.725148 
138709209727216 7.170452 -6.472710 -1.690868 
138709229607736 6.194997 -7.398438 -1.747999 
138709249486903 5.116459 -8.147652 -1.899475 
138709269366070 3.957980 -8.724995 -2.092666 
138709289245236 2.763284 -9.124581 -2.297101 
138709309124403 1.631264 -9.327267 -2.551757 
138709329003570 0.569956 -9.346780 -2.912601 
138709348882736 -0.376251 -9.205099 -3.360799 
138709368761903 -1.064108 -8.947233 -3.871057 
138709388641070 -1.428642 -8.616808 -4.458699 
138709408520236 -1.574150 -8.233134 -5.089985 
138709428399403 -1.672982 -7.847566 -5.638016 
138709448278570 -1.794733 -7.539176 -6.009171 
138709468157736 -1.922231 -7.318352 -6.238361 
138709488036903 -2.067463 -7.127956 -6.410009 
138709507916070 -2.225093 -6.949506 -6.551619 
138709527647424 -2.360728 -6.824235 -6.635297 
138709547396174 -2.454687 -6.779564 -6.646985 
138709567196903 -2.466923 -6.820007 -6.600924 
138709587058153 -2.373318 -6.956733 -6.491657 
138709606977841 -2.191759 -7.187349 -6.301476 
138709626945653 -1.938913 -7.498945 -6.014717 
138709646944195 -1.610963 -7.868637 -5.626699 
138709666935549 -1.192865 -8.261055 -5.148050 
138709686828466 -0.688002 -8.625131 -4.615640 
138709706707632 -0.096092 -8.925246 -4.062158 
138709726586799 0.599011 -9.125420 -3.540944 
138709746465966 1.393011 -9.185128 -3.140592 
138709766345132 2.250565 -9.096516 -2.891147 
138709786224299 3.104967 -8.885518 -2.752658 
138709806103466 3.939934 -8.567093 -2.692998 
138709825982632 4.793012 -8.127792 -2.671407 
138709845861799 5.692348 -7.539747 -2.630544 
138709865740966 6.600184 -6.796747 -2.532229 
138709885620132 7.443684 -5.923517 -2.381991 
138709905499299 8.167247 -4.946999 -2.234652 
138709925378466 8.743485 -3.852137 -2.209725 
138709945257632 9.149271 -2.624228 -2.361072 
138709965136799 9.367438 -1.335186 -2.576582 
138709985015966 9.412611 -0.111576 -2.749671 
138710004895132 9.326290 0.965336 -2.873819 
138710024657111 9.163752 1.880860 -2.942517 
138710044396903 8.961673 2.664622 -2.959493 
138710064186799 8.749159 3.332774 -2.918085 
138710084036747 8.554130 3.878427 -2.820472 
138710103946226 8.390552 4.283323 -2.724369 
138710123906018 8.269184 4.567255 -2.632713 
138710143899716 8.205077 4.731250 -2.542119 
138710163903414 8.214265 4.740566 -2.494648 
138710183807424 8.311414 4.568809 -2.493344 
138710203686591 8.493267 4.210080 -2.511978 
138710223565757 8.730134 3.644620 -2.583001 
138710243444924 8.965277 2.856221 -2.763370 
138710263324091 9.134984 1.826352 -3.063805 
138710283203257 9.183283 0.552963 -3.395869 
138710303082424 9.072902 -0.864630 -3.620120 
138710322961591 8.800135 -2.289720 -3.672219 
138710342840757 8.370757 -3.640627 -3.584221 
138710362719924 7.801256 -4.860695 -3.418250 
138710382599091 7.102903 -5.947601 -3.216395 
138710402478257 6.253859 -6.907667 -3.056759 
138710422357424 5.258503 -7.721850 -2.981872 
138710442236591 4.164732 -8.358758 -2.992751 
138710462115757 3.059931 -8.789556 -3.090457 
138710481994924 2.024700 -9.011214 -3.296816 
138710501874091 1.055860 -9.061199 -3.598642 
138710521653882 0.096620 -8.998263 -3.897734 
138710541377736 -0.881009 -8.855190 -4.120656 
138710561152736 -1.801718 -8.636510 -4.281925 
138710580990966 -2.551263 -8.374296 -4.419572 
138710600893570 -3.126025 -8.091870 -4.573838 
138710620851486 -3.526780 -7.802166 -4.781046 
138710640848778 -3.795073 -7.510014 -5.036616 
138710660863466 -3.989722 -7.224051 -5.297697 
138710680786591 -4.136367 -6.970829 -5.519817 
138710700665757 -4.240539 -6.777555 -5.679169 
138710720544924 -4.324081 -6.661323 -5.753216 
138710740424091 -4.381559 -6.632461 -5.743063 
138710760303257 -4.367970 -6.718604 -5.652573 
138710780182424 -4.236474 -6.929057 -5.496440 
138710800061591 -3.986147 -7.232612 -5.288699 
138710819940757 -3.638631 -7.594827 -5.024873 
138710839819924 -3.180047 -7.989281 -4.714772 
138710859699091 -2.576885 -8.384946 -4.384373 
138710879578257 -1.811974 -8.741565 -4.058594 
138710899457424 -0.906500 -9.012610 -3.757857 
138710919336591 0.099314 -9.162862 -3.493204 
138710939215757 1.146600 -9.177221 -3.261028 
138710959094924 2.211914 -9.052632 -3.054124 
138710978974091 3.292386 -8.776987 -2.880120 
138710998853257 4.351269 -8.355556 -2.724249 
138711018702372 5.387542 -7.810832 -2.477031 
138711038514351 6.403997 -7.128087 -2.085563 
138711058345080 7.318925 -6.335152 -1.571490 
138711078201330 7.996680 -5.541378 -1.231515 
138711098084403 8.600550 -4.600575 -1.017669 
138711117991434 9.094107 -3.539536 -0.969164 
138711137916955 9.426747 -2.480657 -1.073849 
138711157851851 9.598098 -1.496740 -1.344126 
138711177766174 9.632125 -0.634391 -1.729187 
138711197645341 9.573121 0.119920 -2.123998 
138711217524507 9.458926 0.803291 -2.460453 
138711237403674 9.303633 1.444285 -2.743511 
138711257282841 9.135432 2.029995 -2.931450 
138711277162007 8.971358 2.523695 -3.052225 
138711297041174 8.830446 2.900775 -3.127158 
138711316920341 8.736212 3.157286 -3.143331 
138711336799507 8.706874 3.276157 -3.102827 
138711356678674 8.743817 3.253235 -3.022002 
138711376557841 8.851484 3.089194 -2.877239 
138711396437007 9.017730 2.774783 -2.674230 
138711416316174 9.214001 2.273333 -2.470737 
138711436195341 9.398873 1.563252 -2.321165 
138711456074507 9.523281 0.667318 -2.243257 
138711475953674 9.546169 -0.350743 -2.217659 
138711495832841 9.454803 -1.415980 -2.184511 
138711515712007 9.256623 -2.472029 -2.091502 
138711535591174 8.961142 -3.482706 -1.933668 
138711555470341 8.569510 -4.435230 -1.750029 
138711575349507 8.075609 -5.330208 -1.594931 
138711595228674 7.468573 -6.169524 -1.525708 
138711615107841 6.727144 -6.960340 -1.571497 
138711634987007 5.827640 -7.689507 -1.755125 
138711654866174 4.781895 -8.314718 -2.041891 
138711674745341 3.636358 -8.792161 -2.375964 
138711694624507 2.482327 -9.082639 -2.741190 
138711714503674 1.404835 -9.161161 -3.204676 
138711734382841 0.466533 -9.031146 -3.793564 
138711754262007 -0.286352 -8.760279 -4.398399 
138711774141174 -0.856603 -8.465436 -4.875758 
138711794020341 -1.285298 -8.233134 -5.170484 
138711813899507 -1.607956 -8.065503 -5.341584 
138711833778674 -1.841514 -7.948229 -5.441035 
138711853657841 -2.008170 -7.872672 -5.491693 
138711873537007 -2.130361 -7.817441 -5.524452 
138711893416174 -2.231112 -7.761296 -5.563705 
138711913295341 -2.329128 -7.698973 -5.609935 
138711933174507 -2.433873 -7.639217 -5.647037 
138711953053674 -2.543287 -7.605996 -5.643661 
138711972932841 -2.617865 -7.623868 -5.585142 
138711992812007 -2.608398 -7.707621 -5.473503 
138712012691486 -2.475026 -7.865239 -5.308734 
138712032571851 -2.220589 -8.092190 -5.075021 
138712052451018 -1.858236 -8.375489 -4.750633 
138712072330184 -1.413994 -8.672625 -4.353915 
138712092209351 -0.934005 -8.938661 -3.924073 
138712112088518 -0.446783 -9.157174 -3.480937 
138712131967684 0.091408 -9.318359 -3.054539 
138712151846851 0.767736 -9.392412 -2.713588 
138712171726018 1.615159 -9.341819 -2.508401 
138712191605184 2.594657 -9.130342 -2.464748 
138712211484351 3.623725 -8.739405 -2.581048 
138712231363518 4.638125 -8.184499 -2.769867 
138712251242684 5.621147 -7.488893 -2.913690 
138712271121851 6.568062 -6.666183 -2.931372 
138712291001018 7.437825 -5.737222 -2.816634 
138712310880184 8.169894 -4.731026 -2.653416 
138712330759351 8.724448 -3.677397 -2.555607 
138712350638518 9.091347 -2.628535 -2.570722 
138712370517684 9.282720 -1.620268 -2.715923 
138712390396851 9.322744 -0.675805 -2.966499 
138712410276018 9.230938 0.177194 -3.305868 
138712430155184 9.032873 0.919888 -3.705590 
138712450034351 8.760315 1.575923 -4.116276 
138712469913518 8.459310 2.146849 -4.472304 
138712489792684 8.190631 2.613352 -4.717450 
138712509671851 7.997347 2.995063 -4.821040 
138712529351382 7.907617 3.290964 -4.775934 
138712549066278 7.910325 3.473084 -4.640561 
138712568849716 7.989457 3.482394 -4.495764 
138712588710966 8.177665 3.239158 -4.336363 
138712608647007 8.480413 2.641664 -4.156271 
138712628643049 8.802822 1.642313 -3.997940 
138712648676903 9.026249 0.347982 -3.817870 
138712668693257 9.080878 -1.042171 -3.552733 
138712688586382 8.962452 -2.325397 -3.230692 
138712708465549 8.718292 -3.415443 -2.914877 
138712728344716 8.375470 -4.350510 -2.663635 
138712748223882 7.933342 -5.197253 -2.494198 
138712768103049 7.376675 -5.997214 -2.405926 
138712787982216 6.683973 -6.771633 -2.374843 
138712807861382 5.845655 -7.500388 -2.396432 
138712827740549 4.891987 -8.133822 -2.465719 
138712847619716 3.863634 -8.628896 -2.604782 
138712867498882 2.786064 -8.967764 -2.826205 
138712887378049 1.651471 -9.148540 -3.122059 
138712907257216 0.511769 -9.151375 -3.487237 
138712927136382 -0.476082 -8.982894 -3.905298 
138712947015549 -1.190680 -8.728394 -4.309040 
138712966894716 -1.675487 -8.484015 -4.624352 
138712986773882 -2.057526 -8.264872 -4.860953 
138713006653049 -2.401789 -8.032927 -5.086637 
138713026533726 -2.682370 -7.762033 -5.359676 
138713046412893 -2.847528 -7.469538 -5.680491 
138713066292059 -2.877759 -7.195430 -6.009550 
138713086171226 -2.822529 -6.998846 -6.262577 
138713106050393 -2.790209 -6.903813 -6.381417 
138713125929559 -2.840778 -6.908968 -6.353465 
138713145808726 -2.913205 -7.026199 -6.190003 
138713165687893 -2.863640 -7.245835 -5.955487 
138713185567059 -2.579536 -7.526286 -5.733357 
138713205446226 -2.069330 -7.840670 -5.514723 
138713225325393 -1.394672 -8.191230 -5.208553 
138713245204559 -0.643955 -8.545497 -4.767620 
138713265083726 0.111870 -8.843462 -4.236868 
138713284962893 0.882685 -9.041737 -3.692998 
138713304842059 1.738888 -9.110321 -3.185706 
138713324721226 2.702317 -9.015731 -2.753992 
138713344600393 3.744357 -8.730488 -2.434906 
138713364479559 4.788077 -8.261831 -2.233123 
138713384358726 5.774825 -7.644541 -2.093510 
138713404237893 6.676441 -6.912474 -1.952749 
138713424117059 7.461743 -6.091619 -1.839828 
138713443996226 8.154711 -5.179416 -1.686633 
138713463875393 8.763457 -4.155828 -1.449585 
138713483754559 9.235061 -3.077232 -1.189407 
138713503633726 9.547379 -1.998775 -1.011350 
138713523513570 9.712479 -0.957721 -0.959641 
138713543393778 9.749921 0.026292 -1.052964 
138713563273986 9.677376 0.938782 -1.279637 
138713583153153 9.514421 1.778645 -1.575628 
138713603032320 9.286901 2.539861 -1.863586 
138713622911486 9.027558 3.214871 -2.082831 
138713642790653 8.775584 3.800465 -2.171630 
138713662669820 8.548798 4.313536 -2.117045 
138713682548986 8.388767 4.673583 -1.989118 
138713702428153 8.375731 4.738051 -1.889021 
138713722307320 8.520752 4.473626 -1.885162 
138713742186486 8.762030 3.958602 -1.930466 
138713762065653 9.041348 3.268865 -1.933627 
138713781944820 9.318535 2.421618 -1.863081 
138713801823986 9.538705 1.405165 -1.791376 
138713821703153 9.641082 0.228283 -1.779840 
138713841582320 9.578931 -1.047672 -1.821222 
138713861461486 9.339454 -2.337297 -1.866025 
138713881340653 8.942922 -3.570685 -1.856005 
138713901219820 8.420657 -4.704435 -1.769516 
138713921098986 7.805318 -5.695749 -1.675069 
138713940978153 7.113097 -6.550539 -1.632382 
138713960857320 6.349629 -7.275563 -1.708443 
138713980736486 5.509553 -7.879493 -1.931011 
138714000615653 4.605104 -8.352793 -2.279094 
138714020496903 3.683293 -8.678155 -2.700624 
138714040376695 2.803080 -8.852992 -3.152405 
138714060255861 1.989828 -8.910180 -3.580456 
138714080135028 1.240893 -8.894333 -3.939725 
138714100014195 0.552008 -8.828437 -4.233720 
138714119893361 -0.069444 -8.720951 -4.484481 
138714139772528 -0.599013 -8.583904 -4.704057 
138714159651695 -1.009090 -8.440655 -4.889529 
138714179530861 -1.293064 -8.309840 -5.044297 
138714199410028 -1.458257 -8.194221 -5.186386 
138714219289195 -1.565550 -8.071885 -5.344541 
138714239168361 -1.655066 -7.931349 -5.524931 
138714259047528 -1.734300 -7.796744 -5.689760 
138714278926695 -1.824554 -7.705407 -5.785162 
138714298805861 -1.935981 -7.670459 -5.795380 
138714318685028 -2.046264 -7.685937 -5.736686 
138714338564195 -2.120350 -7.738764 -5.637911 
138714358443361 -2.110504 -7.838114 -5.502738 
138714378322528 -1.933355 -8.011041 -5.315613 
138714398201695 -1.552765 -8.251121 -5.067378 
138714418080861 -1.004316 -8.509186 -4.770272 
138714437960028 -0.347575 -8.738237 -4.437656 
138714457839195 0.392965 -8.907614 -4.082938 
138714477718361 1.156237 -9.001834 -3.714900 
138714497597528 1.919273 -9.014726 -3.349849 
138714517478882 2.714671 -8.926508 -3.019667 
138714537359924 3.587418 -8.704243 -2.745356 
138714557239091 4.531637 -8.327351 -2.507967 
138714577118257 5.492737 -7.798331 -2.277338 
138714596997424 6.418726 -7.119112 -2.070891 
138714616876591 7.300711 -6.292294 -1.810264 
138714636755757 8.132712 -5.304926 -1.373726 
138714656634924 8.858690 -4.147659 -0.700665 
138714676514091 9.376698 -2.866338 0.178988 
138714696393257 9.612897 -1.569081 1.140430 
138714716272424 9.574442 -0.340350 2.093947 
138714736151591 9.307161 0.779024 2.990022 
138714756030757 8.838902 1.783440 3.855325 
138714775909924 8.183133 2.643110 4.713881 
138714795789091 7.375014 3.328955 5.540544 
138714815668257 6.489103 3.835989 6.272727 
138714835547424 5.621990 4.200994 6.849472 
138714855426591 4.873723 4.462351 7.246008 
138714875305757 4.248584 4.669519 7.504366 
138714895184924 3.700050 4.848653 7.679230 
138714915064091 3.200950 4.988410 7.812815 
138714934943257 2.793361 5.089687 7.903329 
138714954822424 2.512646 5.166005 7.947918 
138714974701591 2.331377 5.203652 7.978537 
138714994580757 2.203939 5.167341 8.038136 
138715014460966 1.953860 5.049641 8.176427 
138715034343518 1.699410 4.794311 8.384330 
138715054222684 1.523176 4.436184 8.612235 
138715074101851 1.318005 4.069387 8.824588 
138715093981018 1.081587 3.732177 9.003966 
138715113860184 0.857665 3.467512 9.132972 
138715133739351 0.649151 3.293974 9.214050 
138715153618518 0.424274 3.169171 9.270747 
138715173497684 0.185168 3.060432 9.315034 
138715193376851 -0.024346 2.948428 9.352891 
138715213256018 -0.192500 2.836999 9.385348 
138715233135184 -0.306200 2.739262 9.411326 
138715253014351 -0.356715 2.652377 9.434407 
138715272893518 -0.413109 2.568466 9.455300 
138715292772684 -0.516003 2.489913 9.471243 
138715312651851 -0.621398 2.437598 9.478521 
138715332531018 -0.689890 2.440760 9.472968 
138715352410184 -0.716105 2.498284 9.456012 
138715372289351 -0.717096 2.570783 9.436484 
138715392168518 -0.736505 2.644743 9.414525 
138715412047684 -0.780040 2.733096 9.385740 
138715431926851 -0.777065 2.814925 9.361772 
138715451806018 -0.717453 2.853796 9.354757 
138715471685184 -0.691219 2.832172 9.363301 
138715491564351 -0.713010 2.797139 9.372193 
138715511443934 -0.684728 2.799280 9.373664 
138715531327476 -0.579872 2.830487 9.371365 
