# Created at Thu Dec 04 21:57:27 GMT+08:00 2025 in Burnaby Canada 
138703941739688 0.104263 0.479235 -0.223972 
138703961618854 0.316383 -0.090547 -0.349140 
138703981498021 0.517851 -0.598545 -0.554337 
138704001377188 0.779640 -0.916260 -0.216648 
138704021256354 1.079112 -0.660863 0.059655 
138704041135521 1.208808 -0.175236 -0.043276 
138704061014688 1.189500 0.707868 -0.273107 
138704080893854 1.095757 1.195359 -0.165915 
138704100773021 0.901080 0.833169 -0.199604 
138704120652188 0.660597 0.296543 -0.649278 
138704140531354 0.597480 -0.023303 -1.152349 
138704160410521 0.862198 -1.106010 -1.436375 
138704180289688 1.124652 -2.569283 -1.712811 
138704200168854 1.034371 -3.393131 -2.026664 
138704220048021 0.423575 -2.383527 -1.852360 
138704239927188 0.236888 -1.213202 -1.045157 
138704259806354 -0.065381 -1.232510 -0.710265 
138704279685521 -0.384427 -0.842091 -0.300671 
138704299564688 -0.586561 -0.503071 -0.082691 
138704319443854 -0.731969 -0.954343 -0.312788 
138704339323021 -0.656469 -1.261938 -0.533298 
138704359202188 -0.467251 -1.195359 -0.443949 
138704379081354 -0.340751 -0.833569 -0.524642 
138704398960521 -0.318780 -0.438755 -0.735431 
138704418839688 -0.462724 -0.500674 -0.375239 
138704438718882 -0.571381 -0.803875 -0.141147 
138704458598049 -0.510394 -1.029178 -0.372443 
138704478477216 -0.561660 -1.976996 -0.017044 
138704498356382 -0.632101 -2.316283 0.269911 
138704518235549 -0.611461 -1.110404 -0.066579 
138704538114716 -0.332362 -1.134772 -0.088550 
138704557993882 0.256329 -1.679122 -0.079362 
138704577873049 0.645150 -2.356763 0.204131 
138704597752216 0.479502 -3.480350 0.396944 
138704617631382 -0.416252 -4.041477 -0.081759 
138704637510549 -1.121856 -3.763443 -0.317182 
138704657389716 -1.127049 -3.344661 -0.241815 
138704677268882 -1.081376 -3.696864 -0.121973 
138704697148049 -1.705354 -4.319511 0.261123 
138704717027216 -3.026947 -3.983154 0.698280 
138704736906382 -4.256927 -3.469164 0.909336 
138704756785549 -5.373323 -3.603654 1.045956 
138704776664716 -7.146188 -2.668219 1.477654 
138704796543882 -9.030107 -1.564606 2.156493 
138704816423049 -10.254761 -1.956756 3.256378 
138704836302216 -10.146104 -2.771283 4.138017 
138704856181382 -9.142225 -2.688193 4.238285 
138704876060549 -7.830620 -1.328251 3.430548 
138704895939716 -6.894253 1.031042 2.860366 
138704915818882 -6.584661 2.892857 2.398707 
138704935698049 -6.277066 3.580750 1.446495 
138704955577216 -5.274386 4.039746 0.087352 
138704975456382 -3.764242 4.604602 -1.347558 
138704995335549 -2.512824 4.837628 -2.351969 
138705015214716 -1.977129 4.357194 -3.081541 
138705035094924 -1.614673 3.358510 -4.126832 
138705054975132 -1.009071 2.322674 -5.447093 
138705074855341 0.184956 2.321343 -6.296241 
138705094735549 1.641971 2.623345 -6.425537 
138705114615757 2.757967 1.493766 -6.785064 
138705134495966 3.275419 0.476705 -6.747779 
138705154376174 3.239866 -0.292282 -5.899696 
138705174256382 3.238668 -0.801611 -5.285439 
138705194136591 3.084205 -1.013731 -4.944155 
138705214016018 2.555035 -0.154730 -4.413254 
138705233895184 2.226534 1.478985 -3.622296 
138705253774351 2.425605 2.793121 -2.608697 
138705273653518 2.742388 3.167428 -1.495896 
138705293532684 3.029210 3.052513 -0.326770 
138705313411851 3.038398 3.140264 0.867790 
138705333291018 2.947984 3.297390 2.041312 
138705353170184 3.089797 3.131342 2.923217 
138705373049351 3.279814 3.013098 3.422293 
138705392928518 3.197655 3.078479 3.927494 
138705412807684 2.645449 3.487274 4.591286 
138705432686851 1.625326 3.424157 5.505815 
138705452566018 0.562726 1.963148 6.230860 
138705472445184 -0.033423 0.330898 6.504366 
138705492324351 -0.617986 -0.018775 6.532330 
138705512204559 -1.582050 0.218779 6.624342 
138705532081955 -2.820818 0.547945 6.519280 
138705551959039 -3.422692 0.893490 5.969471 
138705571836122 -3.549991 1.305081 4.815791 
138705591713205 -4.065578 1.769536 3.805521 
138705611590289 -4.533496 2.179796 3.508845 
138705631467372 -4.850945 2.102830 3.755720 
138705651345914 -7.997334 4.102996 2.719085 
138705671225080 -13.201413 6.273337 0.689758 
138705691104247 -13.168389 6.456163 -0.338754 
138705710983414 -7.097852 3.821766 -1.043692 
138705730862580 -0.922651 1.226917 -2.147572 
138705750741747 1.478852 0.889895 -3.845868 
138705770620914 1.735448 0.933704 -5.730319 
138705790500080 1.282711 1.730121 -6.834332 
138705810379247 1.817073 3.045855 -6.764823 
138705830258414 3.333077 3.065696 -6.469213 
138705850137580 4.742154 1.690041 -6.113282 
138705870016747 5.274919 0.407863 -5.818603 
138705889895914 4.831903 0.237421 -5.267462 
138705909775080 4.314052 0.362589 -4.463055 
138705929654247 3.719235 0.981241 -3.723629 
138705949533414 3.227749 2.199636 -2.945587 
138705969412580 2.922817 3.473958 -1.990711 
138705989291747 2.778873 4.014180 -1.199487 
138706009170914 2.943590 3.522694 -0.986035 
138706029061434 3.287271 3.248255 -0.617054 
138706048941851 3.551988 3.194459 0.346078 
138706068821018 3.024417 2.828275 0.722915 
138706088700184 1.342099 2.413621 0.458197 
138706108579351 -1.113067 2.573943 0.092412 
138706128458518 -1.846635 2.525474 0.315185 
138706148337684 -0.927578 0.951680 0.090681 
138706168216851 -0.461792 -1.471928 -1.320527 
138706188096018 -0.878576 -3.078212 -2.857969 
138706207975184 -1.205213 -3.494864 -3.883419 
138706227854351 -1.348757 -3.724561 -3.972102 
138706247733518 -1.221325 -3.739741 -3.314701 
138706267612684 -0.510927 -3.697131 -2.451438 
138706287491851 -0.103064 -3.300054 -2.105627 
138706307371018 -0.498011 -2.930008 -1.840243 
138706327250184 -0.907338 -3.139199 -1.317465 
138706347129351 -0.809334 -3.335474 -0.580569 
138706367008518 -0.887098 -3.419896 0.512259 
138706386887684 -0.723713 -3.525490 1.703889 
138706406766851 -0.127698 -3.071022 2.307361 
138706426646018 -0.457264 -2.722015 2.356629 
138706446525184 -1.100684 -1.922002 2.686861 
138706466404351 -1.848898 -0.441951 4.711395 
138706486283518 -2.899514 0.714392 6.683064 
138706506162684 -1.787113 0.935035 3.888479 
138706526041851 1.617470 1.834118 -2.153563 
138706545917893 3.707384 1.609081 -5.524191 
138706565793934 3.112567 2.054893 -4.874646 
138706585669976 1.355415 2.990461 -2.841191 
138706605546174 0.737828 2.764359 -1.495231 
138706625424091 0.692954 1.913613 -1.206012 
138706645304091 0.341284 1.823998 -0.598678 
138706665185341 0.089882 2.291249 0.161254 
138706685066591 0.082824 2.211621 0.403602 
138706704947841 0.214118 1.188701 0.244345 
138706724829091 0.469515 0.262721 -0.008922 
138706744710341 0.225836 0.295744 -0.276036 
138706764591591 0.195076 0.883503 -0.599610 
138706784471486 0.886299 0.334093 -1.161537 
138706804350653 1.856488 -1.532382 -2.023602 
138706824229820 1.786048 -2.195908 -2.432796 
138706844108986 0.796950 -1.381114 -2.006957 
138706863988153 0.718387 -1.290700 -1.223855 
138706883867320 1.298423 -2.412423 -1.142362 
138706903746486 1.084971 -2.993258 -1.382046 
138706923625653 0.452870 -2.431464 -0.808269 
138706943504820 -0.132093 -1.600958 0.343414 
138706963383986 -0.456865 -1.181511 1.415602 
138706983263153 -1.035436 -0.948484 1.680054 
138707003142320 -2.324139 -0.253666 1.275520 
138707022911955 -3.488739 0.590822 0.914928 
138707042649716 -3.337737 0.043010 0.611594 
138707062436122 -1.692304 -2.129196 1.143427 
138707082282007 -0.514123 -3.329082 2.071006 
138707102187945 -0.800146 -1.813878 2.811098 
138707122145445 -1.954892 0.565256 2.849447 
138707142138726 -2.653172 2.020406 1.534113 
138707162146174 -0.849148 2.600708 -1.539972 
138707182054716 2.842656 2.740258 -4.039480 
138707201933882 5.570130 2.245176 -4.070772 
138707221813049 5.408343 2.354366 -2.456099 
138707241692216 3.731485 2.673812 -0.861665 
138707261571382 2.905373 3.494864 0.571248 
138707281450549 2.827076 4.298072 2.593251 
138707301329716 3.015628 4.381163 4.921119 
138707321208882 2.820951 4.159987 6.777340 
138707341088049 1.466069 4.729105 7.266296 
138707360967216 -0.517984 5.804222 6.321274 
138707380846382 -0.559397 5.276384 4.817788 
138707400725549 1.051815 4.274237 3.298056 
138707420604716 2.132125 3.604852 2.293513 
138707440483882 3.074351 2.213884 1.606950 
138707460363049 4.730836 0.876046 1.170991 
138707480242216 5.988646 0.393349 1.070723 
138707500121382 6.873614 0.563125 0.902278 
138707520001278 6.815823 1.130777 0.762063 
138707539876278 6.287719 1.867008 1.009470 
138707559751278 5.447625 3.077813 1.518667 
138707579626278 5.266397 2.609763 0.845420 
138707599502528 6.783865 -0.669651 -1.714409 
138707619380861 7.846732 -2.549442 -3.541336 
138707639261278 6.585992 -2.195775 -3.501921 
138707659143414 4.643884 -1.237703 -2.115081 
138707679025705 2.983138 -0.372975 -1.013199 
138707698907997 1.971936 0.643952 -0.827310 
138707718790289 2.012416 1.564206 -1.230912 
138707738670966 2.122005 1.225719 -1.442900 
138707758550132 1.820269 -0.643286 -0.619451 
138707778429299 1.465137 -1.603089 0.504935 
138707798308466 0.875380 -0.930907 1.318930 
138707818187632 -0.081892 0.146341 2.127997 
138707838066799 -1.083240 0.843023 3.046920 
138707857945966 -1.834917 1.066063 3.818571 
138707877825132 -2.225469 0.873250 4.610328 
138707897704299 -2.276602 0.230230 5.692769 
138707917583466 -2.145308 -0.608532 6.878274 
138707937462632 -1.996704 -1.357945 8.052061 
138707957341799 -1.530917 -1.751693 8.953141 
138707977220966 -0.750745 -1.812413 9.467930 
138707997100132 -0.022770 -1.650227 9.870200 
138708016919455 0.428635 -0.854208 10.478998 
138708036646278 0.133291 0.058989 10.917221 
138708056416747 -1.216797 1.088433 10.596843 
138708076244195 -2.575941 2.098436 9.484841 
138708096132632 -3.100183 2.520014 7.992407 
138708116075757 -3.209373 2.342381 6.456030 
138708136059976 -3.031873 1.961017 5.327517 
138708156065236 -2.641055 1.474591 4.536958 
138708176012528 -2.392582 1.346893 3.678488 
138708195891695 -2.241981 1.442500 2.767022 
138708215770861 -2.037982 1.476322 2.085653 
138708235650028 -1.747565 1.377785 1.637710 
138708255529195 -1.433845 1.066995 1.353551 
138708275408361 -1.194294 0.264319 1.088566 
138708295287528 -0.888164 -0.835966 0.715724 
138708315166695 -0.413988 -1.620000 0.297874 
138708335045861 -0.114915 -1.898167 -0.148205 
138708354925028 -0.005726 -1.829723 -0.634764 
138708374804195 0.191881 -1.848366 -1.278450 
138708394683361 0.537159 -2.008288 -2.079395 
138708414562528 0.931973 -2.055692 -2.917091 
138708434441695 1.352086 -1.837979 -3.759848 
138708454320861 1.651425 -1.518667 -4.467050 
138708474200028 1.743703 -1.372725 -4.991159 
138708494079195 1.542635 -1.365934 -5.544963 
138708513958361 1.318663 -1.230513 -6.267612 
138708533837528 1.450889 -0.968724 -6.832201 
138708553716695 1.865410 -0.861266 -7.042591 
138708573595861 2.164216 -1.043692 -7.164697 
138708593475028 2.318946 -1.574992 -7.225284 
138708613354195 2.354366 -1.606817 -6.929274 
138708633233361 2.021205 -1.332112 -6.698378 
138708653112528 1.690840 -0.822783 -6.555366 
138708672991695 1.467134 -0.265384 -6.482529 
138708692870861 1.367932 -0.040347 -6.454965 
138708712750028 1.261139 -0.257661 -6.475205 
138708732629195 1.147822 -0.520914 -6.354830 
138708752508361 1.041961 -0.744486 -6.080925 
138708772387528 0.885101 -1.031042 -5.854955 
138708792266695 0.618519 -1.152748 -5.722064 
138708812145861 0.195875 -0.659531 -5.454283 
138708832025028 -0.227567 0.064981 -4.789026 
138708851904195 -0.521846 0.231828 -3.948400 
138708871783361 -0.576174 0.295078 -3.254247 
138708891662528 -0.138085 0.577772 -2.683000 
138708911541695 0.568052 0.490687 -1.987516 
138708931420861 0.954609 0.050334 -1.201617 
138708951300028 0.843556 -0.086420 -0.544882 
138708971179195 0.456465 0.035287 0.127965 
138708991058361 0.128231 0.112785 1.173521 
138709010937528 0.073636 0.159790 2.400705 
138709030814507 -0.037151 0.358994 3.455848 
138709050688466 -0.336890 0.424508 4.357461 
138709070562841 -0.589224 0.134223 5.116861 
138709090439195 -0.625043 -0.119576 5.717403 
138709110317632 -0.591754 -0.263253 6.160020 
138709130198153 -0.601874 -0.294679 6.553502 
138709150080341 -0.762862 0.106660 6.830204 
138709169962632 -1.088966 0.753275 7.028876 
138709189844924 -1.509745 1.288037 7.245790 
138709209727216 -1.894971 1.609347 7.361371 
138709229607736 -2.204563 1.703490 7.355246 
138709249486903 -2.369146 1.670467 7.315565 
138709269366070 -2.202832 1.600292 7.313967 
138709289245236 -1.875397 1.461142 7.210503 
138709309124403 -1.881389 1.524126 6.750043 
138709329003570 -2.223472 1.396694 6.315815 
138709348882736 -2.566620 1.631718 5.921268 
138709368761903 -2.724279 2.682600 5.154278 
138709388641070 -2.890726 4.015778 4.245342 
138709408520236 -3.079943 4.487157 3.616970 
138709428399403 -2.810831 3.764375 3.323356 
138709448278570 -1.985252 2.550241 2.950381 
138709468157736 -1.278716 1.468599 2.314152 
138709488036903 -1.102282 0.589091 1.764742 
138709507916070 -1.077647 0.008788 1.385242 
138709527647424 -0.808935 -0.365519 0.922518 
138709547396174 -0.409328 -0.715591 0.286689 
138709567196903 -0.049934 -0.868190 -0.471512 
138709587058153 0.426372 -0.786298 -1.170592 
138709606977841 0.979643 -0.812530 -1.784050 
138709626945653 1.551556 -1.021055 -2.362755 
138709646944195 2.107225 -1.293896 -2.914295 
138709666935549 2.579270 -1.583781 -3.471028 
138709686828466 2.845852 -1.963814 -3.977828 
138709706707632 2.957305 -2.531199 -4.489553 
138709726586799 2.895786 -3.119225 -5.042825 
138709746465966 2.505633 -3.708582 -5.589039 
138709766345132 2.031724 -3.885283 -5.919537 
138709786224299 1.723463 -3.622163 -5.879323 
138709806103466 1.489239 -3.174086 -5.780254 
138709825982632 1.233975 -2.389253 -5.891973 
138709845861799 1.028778 -1.375255 -6.254695 
138709865740966 0.934369 -0.449674 -6.609029 
138709885620132 0.847284 0.207194 -6.733665 
138709905499299 0.751410 0.376704 -6.723279 
138709925378466 0.574044 -0.166314 -6.881204 
138709945257632 0.226901 -0.946487 -7.197054 
138709965136799 0.021438 -1.205213 -7.265231 
138709985015966 0.158591 -0.965262 -6.854572 
138710004895132 0.360725 -0.659398 -6.123136 
138710024657111 0.404268 -0.300271 -5.349887 
138710044396903 0.254997 -0.004128 -4.654270 
138710064186799 0.166980 0.322908 -4.034952 
138710084036747 0.203599 0.697881 -3.389269 
138710103946226 0.245943 0.747416 -2.605235 
138710123906018 0.186288 0.722515 -1.874465 
138710143899716 0.091613 0.682301 -1.115331 
138710163903414 0.031425 0.400140 -0.151401 
138710183807424 -0.050067 0.079495 0.958338 
138710203686591 -0.252201 -0.149403 2.091113 
138710223565757 -0.318381 -0.503071 3.230279 
138710243444924 0.141281 -0.950082 4.230561 
138710263324091 0.891226 -1.409477 5.178912 
138710283203257 1.453819 -1.600958 6.177197 
138710303082424 1.686712 -1.247157 6.845251 
138710322961591 1.575658 -0.578838 7.081872 
138710342840757 1.284042 0.044874 7.107572 
138710362719924 0.746883 0.603472 7.036732 
138710382599091 0.033156 1.292298 7.128611 
138710402478257 -0.697748 1.798831 7.404381 
138710422357424 -1.223056 2.076598 7.656715 
138710442236591 -1.462341 2.186986 7.691603 
138710462115757 -1.644900 2.303899 7.410373 
138710481994924 -1.960085 2.463688 6.890258 
138710501874091 -2.155694 2.189783 6.399039 
138710521653882 -1.881788 1.430649 6.139380 
138710541377736 -1.336506 0.700943 6.062016 
138710561152736 -0.950748 0.323840 5.705818 
138710580990966 -0.729572 0.473377 4.918456 
138710600893570 -0.673113 0.807869 4.166512 
138710620851486 -0.756737 1.297757 3.493399 
138710640848778 -0.882438 1.635046 2.985534 
138710660863466 -0.877777 1.684448 2.682733 
138710680786591 -0.723980 1.471262 2.352635 
138710700665757 -0.422777 1.205745 1.949033 
138710720544924 -0.042744 0.774314 1.500823 
138710740424091 0.270044 0.249272 0.894422 
138710760303257 0.558331 -0.237820 -0.033156 
138710780182424 0.828908 -0.539023 -1.125052 
138710800061591 1.026515 -0.769520 -2.095107 
138710819940757 1.207343 -1.100284 -2.883402 
138710839819924 1.385775 -1.353551 -3.592202 
138710859699091 1.490038 -1.446894 -4.314717 
138710879578257 1.500424 -1.462873 -5.039762 
138710899457424 1.417067 -1.540637 -5.657615 
138710919336591 1.324522 -1.602955 -6.085186 
138710939215757 1.301486 -1.704022 -6.277332 
138710959094924 1.346626 -1.680720 -6.381994 
138710978974091 1.317997 -1.454618 -6.530466 
138710998853257 1.158208 -0.836631 -6.480398 
138711018702372 0.982839 0.713460 -6.253364 
138711038514351 0.762862 2.230529 -6.241513 
138711058345080 1.077248 2.639857 -6.307559 
138711078201330 1.795369 0.813196 -5.741505 
138711098084403 2.045306 0.035154 -6.128195 
138711117991434 1.977795 -0.634364 -6.430331 
138711137916955 1.795901 -1.146091 -6.128195 
138711157851851 1.593768 -1.745568 -5.575723 
138711177766174 1.344496 -2.153297 -4.885698 
138711197645341 1.153814 -2.096173 -4.334691 
138711217524507 0.931973 -1.723730 -3.976496 
138711237403674 0.569783 -1.434777 -3.731219 
138711257282841 0.274305 -0.956207 -3.416034 
138711277162007 0.153132 -0.610796 -2.926546 
138711297041174 0.199604 -0.335292 -2.327335 
138711316920341 0.249804 0.035287 -1.672198 
138711336799507 0.156327 0.350339 -0.841026 
138711356678674 -0.050999 0.511992 0.054195 
138711376557841 -0.292814 0.784700 0.938231 
138711396437007 -0.529569 1.022919 1.834384 
138711416316174 -0.644884 0.981374 2.837463 
138711436195341 -0.527838 0.717056 3.844270 
138711456074507 -0.223040 0.393215 4.673711 
138711475953674 0.091213 0.142213 5.196622 
138711495832841 0.127698 0.178165 5.452951 
138711515712007 -0.161521 0.551940 5.555217 
138711535591174 -0.611861 1.085903 5.558546 
138711555470341 -1.094958 1.555152 5.537773 
138711575349507 -1.510011 1.821068 5.553752 
138711595228674 -1.853958 1.805755 5.646297 
138711615107841 -2.129595 1.617869 5.919404 
138711634987007 -2.395245 1.270993 6.351102 
138711654866174 -2.534662 1.006008 6.749644 
138711674745341 -2.502038 0.935967 6.982670 
138711694624507 -2.547578 1.237437 6.915026 
138711714503674 -3.001780 1.806288 6.636326 
138711734382841 -3.570764 2.229730 6.183589 
138711754262007 -3.561842 2.435326 5.544564 
138711774141174 -2.770617 2.209224 4.702473 
138711794020341 -1.660879 1.764343 3.825495 
138711813899507 -0.893490 1.378584 3.050516 
138711833778674 -0.428902 1.206278 2.433462 
138711853657841 -0.080561 1.183375 2.019740 
138711873537007 0.043676 1.066995 1.675260 
138711893416174 -0.071106 0.712129 1.301220 
138711913295341 -0.251802 0.214917 0.940628 
138711933174507 -0.397343 -0.427970 0.528903 
138711953053674 -0.387090 -1.136769 0.049801 
138711972932841 -0.204131 -1.585112 -0.495481 
138711992812007 0.101999 -1.662344 -1.081908 
138712012691486 0.521447 -1.453952 -1.701359 
138712032571851 1.007074 -1.339968 -2.326536 
138712052451018 1.571930 -1.376187 -2.905107 
138712072330184 1.984453 -1.557415 -3.340667 
138712092209351 2.156227 -1.869937 -3.519764 
138712112088518 2.246641 -2.237586 -3.518166 
138712131967684 2.228398 -2.636927 -3.731352 
138712151846851 1.923067 -3.014829 -4.411656 
138712171726018 1.457147 -3.296059 -5.325919 
138712191605184 0.954876 -3.498193 -6.169741 
138712211484351 0.436758 -3.428951 -6.710895 
138712231363518 0.130894 -2.834001 -6.925279 
138712251242684 0.093344 -1.779922 -6.996385 
138712271121851 0.209457 -0.562459 -7.046053 
138712291001018 0.416651 0.344879 -7.025813 
138712310880184 0.594817 0.594683 -6.889460 
138712330759351 0.692022 0.209191 -6.689989 
138712350638518 0.739160 -0.362190 -6.336721 
138712370517684 0.703607 -0.968990 -5.915143 
138712390396851 0.645949 -1.446894 -5.485176 
138712410276018 0.678440 -1.864211 -5.025381 
138712430155184 0.662860 -2.159423 -4.503003 
138712450034351 0.554070 -2.235589 -4.100865 
138712469913518 0.370712 -1.978860 -3.661444 
138712489792684 0.124636 -1.406281 -3.017493 
138712509671851 -0.228632 -0.669119 -2.354632 
138712529351382 -0.521580 0.147140 -1.677391 
138712549066278 -0.635163 0.675777 -0.880174 
138712568849716 -0.627840 0.740092 0.210256 
138712588710966 -0.586161 0.844355 1.724662 
138712608647007 -0.450340 0.999084 3.689940 
138712628643049 -0.123437 0.919722 5.651623 
138712648676903 0.268313 1.027447 6.909167 
138712668693257 0.630503 1.402420 7.205310 
138712688586382 0.776045 1.616671 6.691453 
138712708465549 0.511327 1.626524 5.880522 
138712728344716 -0.136087 1.557948 5.404748 
138712748223882 -0.804008 1.526390 5.323788 
138712768103049 -1.302152 1.517335 5.506481 
138712787982216 -1.625726 1.651824 5.928059 
138712807861382 -1.877660 1.878859 6.424738 
138712827740549 -2.032124 2.176999 6.753505 
138712847619716 -2.114415 2.266082 6.848580 
138712867498882 -2.108689 1.969672 6.803573 
138712887378049 -2.036651 1.242097 6.772280 
138712907257216 -2.173005 0.786564 6.661759 
138712927136382 -2.391117 0.884036 6.011016 
138712947015549 -2.263685 1.174453 4.798080 
138712966894716 -1.711346 1.304149 3.676225 
138712986773882 -1.178315 1.439970 3.235073 
138713006653049 -0.951946 1.845969 3.366632 
138713026533726 -0.995223 2.474741 3.559978 
138713046412893 -1.025183 3.132008 3.532281 
138713066292059 -0.933704 3.478219 3.183674 
138713086171226 -0.571381 3.112833 2.528137 
138713106050393 -0.141680 1.823998 1.668070 
138713125929559 0.183092 -0.010120 0.619318 
138713145808726 0.546747 -1.470863 -0.526373 
138713165687893 0.882438 -1.818272 -1.627457 
138713185567059 1.041162 -1.150085 -2.603105 
138713205446226 1.239567 -0.380699 -3.410042 
138713225325393 1.817872 0.013848 -4.048534 
138713245204559 2.535993 -0.048070 -4.398207 
138713265083726 2.963963 -0.471645 -4.493282 
138713284962893 3.035069 -1.043825 -4.668917 
138713304842059 2.941326 -1.500956 -5.181575 
138713324721226 2.746516 -1.816541 -5.832984 
138713344600393 2.399640 -1.901496 -6.398373 
138713364479559 2.041178 -1.895370 -6.695848 
138713384358726 1.908819 -1.721466 -6.758299 
138713404237893 2.012416 -1.346094 -6.699709 
138713424117059 2.086718 -1.212803 -6.549640 
138713443996226 2.096306 -0.597080 -6.513555 
138713463875393 2.022004 0.247008 -6.651107 
138713483754559 2.136253 0.575375 -6.549907 
138713503633726 2.269145 0.337689 -6.251100 
138713523513570 2.323340 -0.083490 -5.876793 
138713543393778 2.310823 -0.588958 -5.513804 
138713563273986 2.240649 -1.054744 -5.168659 
138713583153153 2.034920 -1.248888 -4.866923 
138713603032320 1.703756 -1.123986 -4.530699 
138713622911486 1.214534 -0.781637 -4.098469 
138713642790653 0.660330 -0.189883 -3.581416 
138713662669820 0.165515 0.458063 -3.113899 
138713682548986 -0.142479 0.754074 -2.160488 
138713702428153 -0.194677 0.564057 -0.380699 
138713722307320 -0.039814 0.070307 1.519732 
138713742186486 -0.032890 -0.202134 2.894055 
138713762065653 -0.506133 -0.141547 3.857187 
138713781944820 -1.149020 0.087485 4.697546 
138713801823986 -1.419597 0.112385 5.484243 
138713821703153 -1.253150 -0.056193 6.174667 
138713841582320 -0.933171 -0.196674 6.623410 
138713861461486 -0.737828 -0.120774 6.787993 
138713881340653 -0.899748 0.340085 6.778672 
138713901219820 -1.342499 1.133041 6.680268 
138713921098986 -1.906023 1.788977 6.406363 
138713940978153 -2.474474 2.287787 6.185320 
138713960857320 -3.110170 2.568883 6.076530 
138713980736486 -3.601923 2.602040 6.133122 
138714000615653 -3.794203 2.435060 6.216213 
138714020496903 -3.713376 2.229863 6.131391 
138714040376695 -3.463838 1.954626 5.787178 
138714060255861 -2.999916 1.573261 5.316864 
138714080135028 -2.388454 1.211072 4.874913 
138714100014195 -1.878193 0.918923 4.473974 
138714119893361 -1.554353 0.717455 4.064647 
138714139772528 -1.330914 0.700810 3.601523 
138714159651695 -1.080044 0.894821 3.080343 
138714179530861 -0.827843 1.129712 2.526006 
138714199410028 -0.655004 1.497894 2.070606 
138714219289195 -0.691356 1.697897 1.882188 
138714239168361 -0.812130 1.724795 1.856488 
138714259047528 -0.752476 1.526390 1.736513 
138714278926695 -0.450340 0.859002 1.383112 
138714298805861 -0.110787 -0.066046 0.859801 
138714318685028 0.111453 -0.926913 0.228233 
138714338564195 0.186954 -1.536643 -0.437690 
138714358443361 0.320112 -1.813878 -1.149020 
138714378322528 0.715724 -1.561277 -1.991777 
138714398201695 1.276452 -0.868323 -2.733200 
138714418080861 1.655420 -0.431831 -3.401520 
138714437960028 1.874731 -0.161254 -3.797265 
138714457839195 1.973534 0.203332 -4.019906 
138714477718361 2.003228 0.191082 -4.106458 
138714497597528 2.028129 -0.249937 -4.252666 
138714517478882 2.014414 -0.893224 -4.659330 
138714537359924 1.983121 -1.438239 -5.345626 
138714557239091 2.055959 -1.641971 -6.022601 
138714577118257 2.253432 -1.540771 -6.451503 
138714596997424 2.146639 -1.120524 -6.617551 
138714616876591 2.030392 -0.231029 -6.766954 
138714636755757 2.249970 1.032241 -7.065628 
138714656634924 2.562359 2.495913 -7.374687 
138714676514091 2.718287 3.799662 -7.395992 
138714696393257 2.769952 4.471311 -6.943255 
138714716272424 2.759432 4.761063 -6.233523 
138714736151591 2.737328 4.875578 -5.464004 
138714756030757 2.578337 5.197288 -4.810198 
138714775909924 2.355964 5.713808 -4.082090 
138714795789091 2.082724 6.165746 -3.219893 
138714815668257 1.661678 6.187184 -2.393248 
138714835547424 1.250220 5.623260 -1.789243 
138714855426591 0.927179 4.550140 -1.368198 
138714875305757 0.819055 3.638674 -1.058473 
138714895184924 0.832237 3.177548 -0.756603 
138714915064091 0.725045 2.960767 -0.470847 
138714934943257 0.521047 2.386723 -0.378302 
138714954822424 0.371111 1.556750 -0.362989 
138714974701591 0.156727 0.974050 -0.271376 
138714994580757 -0.252334 0.766058 -0.069109 
138715014460966 -0.721050 1.626924 0.087085 
138715034343518 -1.502155 1.745834 0.305598 
138715054222684 -2.033988 1.330248 0.490288 
138715074101851 -2.037450 1.406547 0.407064 
138715093981018 -1.841042 1.498027 0.342482 
138715113860184 -1.389903 1.484711 0.590023 
138715133739351 -0.874049 1.464338 0.810799 
138715153618518 -0.635030 1.470730 0.604803 
138715173497684 -0.574044 1.415336 0.277901 
138715193376851 -0.599477 1.204147 0.163385 
138715213256018 -0.596947 0.944756 0.077365 
138715233135184 -0.523843 0.627840 0.035287 
138715253014351 -0.469515 0.303334 0.086952 
138715272893518 -0.450207 0.340485 0.092278 
138715292772684 -0.423309 0.596148 0.143944 
138715312651851 -0.285890 0.622513 0.179364 
138715332531018 0.021572 0.386158 -0.017710 
138715352410184 0.338221 0.064582 -0.373242 
138715372289351 0.434494 -0.136487 -0.557399 
138715392168518 0.427837 -0.013049 -0.399341 
138715412047684 0.492684 0.178698 -0.185888 
138715431926851 0.449541 -0.060853 -0.144743 
138715451806018 0.213452 -0.352336 -0.090681 
138715471685184 -0.120907 -0.125035 0.057924 
138715491564351 -0.203865 0.191614 0.265251 
138715511443934 -0.024235 -0.013582 0.482831 
138715531327476 0.132625 -0.418782 0.451938 
