# Created at Thu Dec 04 21:57:27 GMT+08:00 2025 in Burnaby Canada 
138703941739688 0.005159 0.001736 -0.003485 
138703961618854 0.005159 0.001736 -0.003485 
138703981498021 0.005159 0.001736 -0.003485 
138704001377188 0.005159 0.001736 -0.003485 
138704021256354 0.005159 0.001736 -0.003485 
138704041135521 0.005159 0.001736 -0.003485 
138704061014688 0.005159 0.001736 -0.003485 
138704080893854 0.005159 0.001736 -0.003485 
138704100773021 0.005159 0.001736 -0.003485 
138704120652188 0.005159 0.001736 -0.003485 
138704140531354 0.005159 0.001736 -0.003485 
138704160410521 0.005159 0.001736 -0.003485 
138704180289688 0.005159 0.001736 -0.003485 
138704200168854 0.005159 0.001736 -0.003485 
138704220048021 0.005159 0.001736 -0.003485 
138704239927188 0.005159 0.001736 -0.003485 
138704259806354 0.005159 0.001736 -0.003485 
138704279685521 0.005159 0.001736 -0.003485 
138704299564688 0.005159 0.001736 -0.003485 
138704319443854 0.005159 0.001736 -0.003485 
138704339323021 0.005159 0.001736 -0.003485 
138704359202188 0.005159 0.001736 -0.003485 
138704379081354 0.005159 0.001736 -0.003485 
138704398960521 0.005159 0.001736 -0.003485 
138704418839688 0.005159 0.001736 -0.003485 
138704438718882 0.005159 0.001736 -0.003485 
138704458598049 0.005159 0.001736 -0.003485 
138704478477216 0.005159 0.001736 -0.003485 
138704498356382 0.005159 0.001736 -0.003485 
138704518235549 0.005159 0.001736 -0.003485 
138704538114716 0.005159 0.001736 -0.003485 
138704557993882 0.005159 0.001736 -0.003485 
138704577873049 0.005159 0.001736 -0.003485 
138704597752216 0.005159 0.001736 -0.003485 
138704617631382 0.005159 0.001736 -0.003485 
138704637510549 0.005159 0.001736 -0.003485 
138704657389716 0.005159 0.001736 -0.003485 
138704677268882 0.005159 0.001736 -0.003485 
138704697148049 0.005159 0.001736 -0.003485 
138704717027216 0.005159 0.001736 -0.003485 
138704736906382 0.005159 0.001736 -0.003485 
138704756785549 0.005159 0.001736 -0.003485 
138704776664716 0.005159 0.001736 -0.003485 
138704796543882 0.005159 0.001736 -0.003485 
138704816423049 0.005159 0.001736 -0.003485 
138704836302216 0.005159 0.001736 -0.003485 
138704856181382 0.005159 0.001736 -0.003485 
138704876060549 0.005159 0.001736 -0.003485 
138704895939716 0.005159 0.001736 -0.003485 
138704915818882 0.005159 0.001736 -0.003485 
138704935698049 0.005159 0.001736 -0.003485 
138704955577216 0.005159 0.001736 -0.003485 
138704975456382 0.005159 0.001736 -0.003485 
138704995335549 0.005159 0.001736 -0.003485 
138705015214716 0.005159 0.001736 -0.003485 
138705035094924 0.005159 0.001736 -0.003485 
138705054975132 0.005159 0.001736 -0.003485 
138705074855341 0.005159 0.001736 -0.003485 
138705094735549 0.005159 0.001736 -0.003485 
138705114615757 0.005159 0.001736 -0.003485 
138705134495966 0.005159 0.001736 -0.003485 
138705154376174 0.005159 0.001736 -0.003485 
138705174256382 0.005159 0.001736 -0.003485 
138705194136591 0.005159 0.001736 -0.003485 
138705214016018 0.005159 0.001736 -0.003485 
138705233895184 0.005159 0.001736 -0.003485 
138705253774351 0.005159 0.001736 -0.003485 
138705273653518 0.005159 0.001736 -0.003485 
138705293532684 0.005159 0.001736 -0.003485 
138705313411851 0.005159 0.001736 -0.003485 
138705333291018 0.005159 0.001736 -0.003485 
138705353170184 0.005159 0.001736 -0.003485 
138705373049351 0.005159 0.001736 -0.003485 
138705392928518 0.005159 0.001736 -0.003485 
138705412807684 0.005159 0.001736 -0.003485 
138705432686851 0.005159 0.001736 -0.003485 
138705452566018 0.005159 0.001736 -0.003485 
138705472445184 0.005159 0.001736 -0.003485 
138705492324351 0.005159 0.001736 -0.003485 
138705512204559 0.005159 0.001736 -0.003485 
138705532081955 0.005159 0.001736 -0.003485 
138705551959039 0.005159 0.001736 -0.003485 
138705571836122 0.005159 0.001736 -0.003485 
138705591713205 0.005159 0.001736 -0.003485 
138705611590289 0.005159 0.001736 -0.003485 
138705631467372 0.005159 0.001736 -0.003485 
138705651345914 0.005159 0.001736 -0.003485 
138705671225080 0.005159 0.001736 -0.003485 
138705691104247 0.005159 0.001736 -0.003485 
138705710983414 0.005159 0.001736 -0.003485 
138705730862580 0.005159 0.001736 -0.003485 
138705750741747 0.005159 0.001736 -0.003485 
138705770620914 0.005159 0.001736 -0.003485 
138705790500080 0.005159 0.001736 -0.003485 
138705810379247 0.005159 0.001736 -0.003485 
138705830258414 0.005159 0.001736 -0.003485 
138705850137580 0.005159 0.001736 -0.003485 
138705870016747 0.005159 0.001736 -0.003485 
138705889895914 0.005159 0.001736 -0.003485 
138705909775080 0.005159 0.001736 -0.003485 
138705929654247 0.005159 0.001736 -0.003485 
138705949533414 0.005159 0.001736 -0.003485 
138705969412580 0.005159 0.001736 -0.003485 
138705989291747 0.005159 0.001736 -0.003485 
138706009170914 0.005159 0.001736 -0.003485 
138706029061434 0.005159 0.001736 -0.003485 
138706048941851 0.005159 0.001736 -0.003485 
138706068821018 0.005159 0.001736 -0.003485 
138706088700184 0.005159 0.001736 -0.003485 
138706108579351 0.005159 0.001736 -0.003485 
138706128458518 0.005159 0.001736 -0.003485 
138706148337684 0.005159 0.001736 -0.003485 
138706168216851 0.005159 0.001736 -0.003485 
138706188096018 0.005159 0.001736 -0.003485 
138706207975184 0.005159 0.001736 -0.003485 
138706227854351 0.005159 0.001736 -0.003485 
138706247733518 0.005159 0.001736 -0.003485 
138706267612684 0.005159 0.001736 -0.003485 
138706287491851 0.005159 0.001736 -0.003485 
138706307371018 0.005159 0.001736 -0.003485 
138706327250184 0.005159 0.001736 -0.003485 
138706347129351 0.005159 0.001736 -0.003485 
138706367008518 0.005159 0.001736 -0.003485 
138706386887684 0.005159 0.001736 -0.003485 
138706406766851 0.005159 0.001736 -0.003485 
138706426646018 0.005159 0.001736 -0.003485 
138706446525184 0.005159 0.001736 -0.003485 
138706466404351 0.005159 0.001736 -0.003485 
138706486283518 0.005159 0.001736 -0.003485 
138706506162684 0.005159 0.001736 -0.003485 
138706526041851 0.005159 0.001736 -0.003485 
138706545917893 0.005159 0.001736 -0.003485 
138706565793934 0.005159 0.001736 -0.003485 
138706585669976 0.005159 0.001736 -0.003485 
138706605546174 0.005159 0.001736 -0.003485 
138706625424091 0.005159 0.001736 -0.003485 
138706645304091 0.005159 0.001736 -0.003485 
138706665185341 0.005159 0.001736 -0.003485 
138706685066591 0.005159 0.001736 -0.003485 
138706704947841 0.005159 0.001736 -0.003485 
138706724829091 0.005159 0.001736 -0.003485 
138706744710341 0.005159 0.001736 -0.003485 
138706764591591 0.005159 0.001736 -0.003485 
138706784471486 0.005159 0.001736 -0.003485 
138706804350653 0.005159 0.001736 -0.003485 
138706824229820 0.005159 0.001736 -0.003485 
138706844108986 0.005159 0.001736 -0.003485 
138706863988153 0.005159 0.001736 -0.003485 
138706883867320 0.005159 0.001736 -0.003485 
138706903746486 0.005159 0.001736 -0.003485 
138706923625653 0.005159 0.001736 -0.003485 
138706943504820 0.005159 0.001736 -0.003485 
138706963383986 0.005159 0.001736 -0.003485 
138706983263153 0.005159 0.001736 -0.003485 
138707003142320 0.005159 0.001736 -0.003485 
138707022911955 0.005159 0.001736 -0.003485 
138707042649716 0.005159 0.001736 -0.003485 
138707062436122 0.005159 0.001736 -0.003485 
138707082282007 0.005159 0.001736 -0.003485 
138707102187945 0.005159 0.001736 -0.003485 
138707122145445 0.005159 0.001736 -0.003485 
138707142138726 0.005159 0.001736 -0.003485 
138707162146174 0.005159 0.001736 -0.003485 
138707182054716 0.005159 0.001736 -0.003485 
138707201933882 0.005159 0.001736 -0.003485 
138707221813049 0.005159 0.001736 -0.003485 
138707241692216 0.005159 0.001736 -0.003485 
138707261571382 0.005159 0.001736 -0.003485 
138707281450549 0.005159 0.001736 -0.003485 
138707301329716 0.005159 0.001736 -0.003485 
138707321208882 0.005159 0.001736 -0.003485 
138707341088049 0.005159 0.001736 -0.003485 
138707360967216 0.005159 0.001736 -0.003485 
138707380846382 0.005159 0.001736 -0.003485 
138707400725549 0.005159 0.001736 -0.003485 
138707420604716 0.005159 0.001736 -0.003485 
138707440483882 0.005159 0.001736 -0.003485 
138707460363049 0.005159 0.001736 -0.003485 
138707480242216 0.005159 0.001736 -0.003485 
138707500121382 0.005159 0.001736 -0.003485 
138707520001278 0.005159 0.001736 -0.003485 
138707539876278 0.005159 0.001736 -0.003485 
138707559751278 0.005159 0.001736 -0.003485 
138707579626278 0.005159 0.001736 -0.003485 
138707599502528 0.005159 0.001736 -0.003485 
138707619380861 0.005159 0.001736 -0.003485 
138707639261278 0.005159 0.001736 -0.003485 
138707659143414 0.005159 0.001736 -0.003485 
138707679025705 0.005159 0.001736 -0.003485 
138707698907997 0.005159 0.001736 -0.003485 
138707718790289 0.005159 0.001736 -0.003485 
138707738670966 0.005159 0.001736 -0.003485 
138707758550132 0.005159 0.001736 -0.003485 
138707778429299 0.005159 0.001736 -0.003485 
138707798308466 0.005159 0.001736 -0.003485 
138707818187632 0.005159 0.001736 -0.003485 
138707838066799 0.005159 0.001736 -0.003485 
138707857945966 0.005159 0.001736 -0.003485 
138707877825132 0.005159 0.001736 -0.003485 
138707897704299 0.005159 0.001736 -0.003485 
138707917583466 0.005159 0.001736 -0.003485 
138707937462632 0.005159 0.001736 -0.003485 
138707957341799 0.005159 0.001736 -0.003485 
138707977220966 0.005159 0.001736 -0.003485 
138707997100132 0.005159 0.001736 -0.003485 
138708016919455 0.005159 0.001736 -0.003485 
138708036646278 0.005159 0.001736 -0.003485 
138708056416747 0.005159 0.001736 -0.003485 
138708076244195 0.005159 0.001736 -0.003485 
138708096132632 0.005159 0.001736 -0.003485 
138708116075757 0.005159 0.001736 -0.003485 
138708136059976 0.005159 0.001736 -0.003485 
138708156065236 0.005159 0.001736 -0.003485 
138708176012528 0.005159 0.001736 -0.003485 
138708195891695 0.005159 0.001736 -0.003485 
138708215770861 0.005159 0.001736 -0.003485 
138708235650028 0.005159 0.001736 -0.003485 
138708255529195 0.005159 0.001736 -0.003485 
138708275408361 0.005159 0.001736 -0.003485 
138708295287528 0.005159 0.001736 -0.003485 
138708315166695 0.005159 0.001736 -0.003485 
138708335045861 0.005159 0.001736 -0.003485 
138708354925028 0.005159 0.001736 -0.003485 
138708374804195 0.005159 0.001736 -0.003485 
138708394683361 0.005159 0.001736 -0.003485 
138708414562528 0.005159 0.001736 -0.003485 
138708434441695 0.005159 0.001736 -0.003485 
138708454320861 0.005159 0.001736 -0.003485 
138708474200028 0.005159 0.001736 -0.003485 
138708494079195 0.005159 0.001736 -0.003485 
138708513958361 0.005159 0.001736 -0.003485 
138708533837528 0.005159 0.001736 -0.003485 
138708553716695 0.005159 0.001736 -0.003485 
138708573595861 0.005159 0.001736 -0.003485 
138708593475028 0.005159 0.001736 -0.003485 
138708613354195 0.005159 0.001736 -0.003485 
138708633233361 0.005159 0.001736 -0.003485 
138708653112528 0.005159 0.001736 -0.003485 
138708672991695 0.005159 0.001736 -0.003485 
138708692870861 0.005159 0.001736 -0.003485 
138708712750028 0.005159 0.001736 -0.003485 
138708732629195 0.005159 0.001736 -0.003485 
138708752508361 0.005159 0.001736 -0.003485 
138708772387528 0.005159 0.001736 -0.003485 
138708792266695 0.005159 0.001736 -0.003485 
138708812145861 0.005159 0.001736 -0.003485 
138708832025028 0.005159 0.001736 -0.003485 
138708851904195 0.005159 0.001736 -0.003485 
138708871783361 0.005159 0.001736 -0.003485 
138708891662528 0.005159 0.001736 -0.003485 
138708911541695 0.005159 0.001736 -0.003485 
138708931420861 0.005159 0.001736 -0.003485 
138708951300028 0.005159 0.001736 -0.003485 
138708971179195 0.005159 0.001736 -0.003485 
138708991058361 0.005159 0.001736 -0.003485 
138709010937528 0.005159 0.001736 -0.003485 
138709030814507 0.005159 0.001736 -0.003485 
138709050688466 0.005159 0.001736 -0.003485 
138709070562841 0.005159 0.001736 -0.003485 
138709090439195 0.005159 0.001736 -0.003485 
138709110317632 0.005159 0.001736 -0.003485 
138709130198153 0.005159 0.001736 -0.003485 
138709150080341 0.005159 0.001736 -0.003485 
138709169962632 0.005159 0.001736 -0.003485 
138709189844924 0.005159 0.001736 -0.003485 
138709209727216 0.005159 0.001736 -0.003485 
138709229607736 0.005159 0.001736 -0.003485 
138709249486903 0.005159 0.001736 -0.003485 
138709269366070 0.005159 0.001736 -0.003485 
138709289245236 0.005159 0.001736 -0.003485 
138709309124403 0.005159 0.001736 -0.003485 
138709329003570 0.005159 0.001736 -0.003485 
138709348882736 0.005159 0.001736 -0.003485 
138709368761903 0.005159 0.001736 -0.003485 
138709388641070 0.005159 0.001736 -0.003485 
138709408520236 0.005159 0.001736 -0.003485 
138709428399403 0.005159 0.001736 -0.003485 
138709448278570 0.005159 0.001736 -0.003485 
138709468157736 0.005159 0.001736 -0.003485 
138709488036903 0.005159 0.001736 -0.003485 
138709507916070 0.005159 0.001736 -0.003485 
138709527647424 0.005159 0.001736 -0.003485 
138709547396174 0.005159 0.001736 -0.003485 
138709567196903 0.005159 0.001736 -0.003485 
138709587058153 0.005159 0.001736 -0.003485 
138709606977841 0.005159 0.001736 -0.003485 
138709626945653 0.005159 0.001736 -0.003485 
138709646944195 0.005159 0.001736 -0.003485 
138709666935549 0.005159 0.001736 -0.003485 
138709686828466 0.005159 0.001736 -0.003485 
138709706707632 0.005159 0.001736 -0.003485 
138709726586799 0.005159 0.001736 -0.003485 
138709746465966 0.005159 0.001736 -0.003485 
138709766345132 0.005159 0.001736 -0.003485 
138709786224299 0.005159 0.001736 -0.003485 
138709806103466 0.005159 0.001736 -0.003485 
138709825982632 0.005159 0.001736 -0.003485 
138709845861799 0.005159 0.001736 -0.003485 
138709865740966 0.005159 0.001736 -0.003485 
138709885620132 0.005159 0.001736 -0.003485 
138709905499299 0.005159 0.001736 -0.003485 
138709925378466 0.005159 0.001736 -0.003485 
138709945257632 0.005159 0.001736 -0.003485 
138709965136799 0.005159 0.001736 -0.003485 
138709985015966 0.005159 0.001736 -0.003485 
138710004895132 0.005159 0.001736 -0.003485 
138710024657111 0.005159 0.001736 -0.003485 
138710044396903 0.005159 0.001736 -0.003485 
138710064186799 0.005159 0.001736 -0.003485 
138710084036747 0.005159 0.001736 -0.003485 
138710103946226 0.005159 0.001736 -0.003485 
138710123906018 0.005159 0.001736 -0.003485 
138710143899716 0.005159 0.001736 -0.003485 
138710163903414 0.005159 0.001736 -0.003485 
138710183807424 0.005159 0.001736 -0.003485 
138710203686591 0.005159 0.001736 -0.003485 
138710223565757 0.005159 0.001736 -0.003485 
138710243444924 0.005159 0.001736 -0.003485 
138710263324091 0.005159 0.001736 -0.003485 
138710283203257 0.005159 0.001736 -0.003485 
138710303082424 0.005159 0.001736 -0.003485 
138710322961591 0.005159 0.001736 -0.003485 
138710342840757 0.005159 0.001736 -0.003485 
138710362719924 0.005159 0.001736 -0.003485 
138710382599091 0.005159 0.001736 -0.003485 
138710402478257 0.005159 0.001736 -0.003485 
138710422357424 0.005159 0.001736 -0.003485 
138710442236591 0.005159 0.001736 -0.003485 
138710462115757 0.005159 0.001736 -0.003485 
138710481994924 0.005159 0.001736 -0.003485 
138710501874091 0.005159 0.001736 -0.003485 
138710521653882 0.005159 0.001736 -0.003485 
138710541377736 0.005159 0.001736 -0.003485 
138710561152736 0.005159 0.001736 -0.003485 
138710580990966 0.005159 0.001736 -0.003485 
138710600893570 0.005159 0.001736 -0.003485 
138710620851486 0.005159 0.001736 -0.003485 
138710640848778 0.005159 0.001736 -0.003485 
138710660863466 0.005159 0.001736 -0.003485 
138710680786591 0.005159 0.001736 -0.003485 
138710700665757 0.005159 0.001736 -0.003485 
138710720544924 0.005159 0.001736 -0.003485 
138710740424091 0.005159 0.001736 -0.003485 
138710760303257 0.005159 0.001736 -0.003485 
138710780182424 0.005159 0.001736 -0.003485 
138710800061591 0.005159 0.001736 -0.003485 
138710819940757 0.005159 0.001736 -0.003485 
138710839819924 0.005159 0.001736 -0.003485 
138710859699091 0.005159 0.001736 -0.003485 
138710879578257 0.005159 0.001736 -0.003485 
138710899457424 0.005159 0.001736 -0.003485 
138710919336591 0.005159 0.001736 -0.003485 
138710939215757 0.005159 0.001736 -0.003485 
138710959094924 0.005159 0.001736 -0.003485 
138710978974091 0.005159 0.001736 -0.003485 
138710998853257 0.005159 0.001736 -0.003485 
138711018702372 0.005159 0.001736 -0.003485 
138711038514351 0.005159 0.001736 -0.003485 
138711058345080 0.005159 0.001736 -0.003485 
138711078201330 0.005159 0.001736 -0.003485 
138711098084403 0.005159 0.001736 -0.003485 
138711117991434 0.005159 0.001736 -0.003485 
138711137916955 0.005159 0.001736 -0.003485 
138711157851851 0.005159 0.001736 -0.003485 
138711177766174 0.005159 0.001736 -0.003485 
138711197645341 0.005159 0.001736 -0.003485 
138711217524507 0.005159 0.001736 -0.003485 
138711237403674 0.005159 0.001736 -0.003485 
138711257282841 0.005159 0.001736 -0.003485 
138711277162007 0.005159 0.001736 -0.003485 
138711297041174 0.005159 0.001736 -0.003485 
138711316920341 0.005159 0.001736 -0.003485 
138711336799507 0.005159 0.001736 -0.003485 
138711356678674 0.005159 0.001736 -0.003485 
138711376557841 0.005159 0.001736 -0.003485 
138711396437007 0.005159 0.001736 -0.003485 
138711416316174 0.005159 0.001736 -0.003485 
138711436195341 0.005159 0.001736 -0.003485 
138711456074507 0.005159 0.001736 -0.003485 
138711475953674 0.005159 0.001736 -0.003485 
138711495832841 0.005159 0.001736 -0.003485 
138711515712007 0.005159 0.001736 -0.003485 
138711535591174 0.005159 0.001736 -0.003485 
138711555470341 0.005159 0.001736 -0.003485 
138711575349507 0.005159 0.001736 -0.003485 
138711595228674 0.005159 0.001736 -0.003485 
138711615107841 0.005159 0.001736 -0.003485 
138711634987007 0.005159 0.001736 -0.003485 
138711654866174 0.005159 0.001736 -0.003485 
138711674745341 0.005159 0.001736 -0.003485 
138711694624507 0.005159 0.001736 -0.003485 
138711714503674 0.005159 0.001736 -0.003485 
138711734382841 0.005159 0.001736 -0.003485 
138711754262007 0.005159 0.001736 -0.003485 
138711774141174 0.005159 0.001736 -0.003485 
138711794020341 0.005159 0.001736 -0.003485 
138711813899507 0.005159 0.001736 -0.003485 
138711833778674 0.005159 0.001736 -0.003485 
138711853657841 0.005159 0.001736 -0.003485 
138711873537007 0.005159 0.001736 -0.003485 
138711893416174 0.005159 0.001736 -0.003485 
138711913295341 0.005159 0.001736 -0.003485 
138711933174507 0.005159 0.001736 -0.003485 
138711953053674 0.005159 0.001736 -0.003485 
138711972932841 0.005159 0.001736 -0.003485 
138711992812007 0.005159 0.001736 -0.003485 
138712012691486 0.005159 0.001736 -0.003485 
138712032571851 0.005159 0.001736 -0.003485 
138712052451018 0.005159 0.001736 -0.003485 
138712072330184 0.005159 0.001736 -0.003485 
138712092209351 0.005159 0.001736 -0.003485 
138712112088518 0.005159 0.001736 -0.003485 
138712131967684 0.005159 0.001736 -0.003485 
138712151846851 0.005159 0.001736 -0.003485 
138712171726018 0.005159 0.001736 -0.003485 
138712191605184 0.005159 0.001736 -0.003485 
138712211484351 0.005159 0.001736 -0.003485 
138712231363518 0.005159 0.001736 -0.003485 
138712251242684 0.005159 0.001736 -0.003485 
138712271121851 0.005159 0.001736 -0.003485 
138712291001018 0.005159 0.001736 -0.003485 
138712310880184 0.005159 0.001736 -0.003485 
138712330759351 0.005159 0.001736 -0.003485 
138712350638518 0.005159 0.001736 -0.003485 
138712370517684 0.005159 0.001736 -0.003485 
138712390396851 0.005159 0.001736 -0.003485 
138712410276018 0.005159 0.001736 -0.003485 
138712430155184 0.005159 0.001736 -0.003485 
138712450034351 0.005159 0.001736 -0.003485 
138712469913518 0.005159 0.001736 -0.003485 
138712489792684 0.005159 0.001736 -0.003485 
138712509671851 0.005159 0.001736 -0.003485 
138712529351382 0.005159 0.001736 -0.003485 
138712549066278 0.005159 0.001736 -0.003485 
138712568849716 0.005159 0.001736 -0.003485 
138712588710966 0.005159 0.001736 -0.003485 
138712608647007 0.005159 0.001736 -0.003485 
138712628643049 0.005159 0.001736 -0.003485 
138712648676903 0.005159 0.001736 -0.003485 
138712668693257 0.005159 0.001736 -0.003485 
138712688586382 0.005159 0.001736 -0.003485 
138712708465549 0.005159 0.001736 -0.003485 
138712728344716 0.005159 0.001736 -0.003485 
138712748223882 0.005159 0.001736 -0.003485 
138712768103049 0.005159 0.001736 -0.003485 
138712787982216 0.005159 0.001736 -0.003485 
138712807861382 0.005159 0.001736 -0.003485 
138712827740549 0.005159 0.001736 -0.003485 
138712847619716 0.005159 0.001736 -0.003485 
138712867498882 0.005159 0.001736 -0.003485 
138712887378049 0.005159 0.001736 -0.003485 
138712907257216 0.005159 0.001736 -0.003485 
138712927136382 0.005159 0.001736 -0.003485 
138712947015549 0.005159 0.001736 -0.003485 
138712966894716 0.005159 0.001736 -0.003485 
138712986773882 0.005159 0.001736 -0.003485 
138713006653049 0.005159 0.001736 -0.003485 
138713026533726 0.005159 0.001736 -0.003485 
138713046412893 0.005159 0.001736 -0.003485 
138713066292059 0.005159 0.001736 -0.003485 
138713086171226 0.005159 0.001736 -0.003485 
138713106050393 0.005159 0.001736 -0.003485 
138713125929559 0.005159 0.001736 -0.003485 
138713145808726 0.005159 0.001736 -0.003485 
138713165687893 0.005159 0.001736 -0.003485 
138713185567059 0.005159 0.001736 -0.003485 
138713205446226 0.005159 0.001736 -0.003485 
138713225325393 0.005159 0.001736 -0.003485 
138713245204559 0.005159 0.001736 -0.003485 
138713265083726 0.005159 0.001736 -0.003485 
138713284962893 0.005159 0.001736 -0.003485 
138713304842059 0.005159 0.001736 -0.003485 
138713324721226 0.005159 0.001736 -0.003485 
138713344600393 0.005159 0.001736 -0.003485 
138713364479559 0.005159 0.001736 -0.003485 
138713384358726 0.005159 0.001736 -0.003485 
138713404237893 0.005159 0.001736 -0.003485 
138713424117059 0.005159 0.001736 -0.003485 
138713443996226 0.005159 0.001736 -0.003485 
138713463875393 0.005159 0.001736 -0.003485 
138713483754559 0.005159 0.001736 -0.003485 
138713503633726 0.005159 0.001736 -0.003485 
138713523513570 0.005159 0.001736 -0.003485 
138713543393778 0.005159 0.001736 -0.003485 
138713563273986 0.005159 0.001736 -0.003485 
138713583153153 0.005159 0.001736 -0.003485 
138713603032320 0.005159 0.001736 -0.003485 
138713622911486 0.005159 0.001736 -0.003485 
138713642790653 0.005159 0.001736 -0.003485 
138713662669820 0.005159 0.001736 -0.003485 
138713682548986 0.005159 0.001736 -0.003485 
138713702428153 0.005159 0.001736 -0.003485 
138713722307320 0.005159 0.001736 -0.003485 
138713742186486 0.005159 0.001736 -0.003485 
138713762065653 0.005159 0.001736 -0.003485 
138713781944820 0.005159 0.001736 -0.003485 
138713801823986 0.005159 0.001736 -0.003485 
138713821703153 0.005159 0.001736 -0.003485 
138713841582320 0.005159 0.001736 -0.003485 
138713861461486 0.005159 0.001736 -0.003485 
138713881340653 0.005159 0.001736 -0.003485 
138713901219820 0.005159 0.001736 -0.003485 
138713921098986 0.005159 0.001736 -0.003485 
138713940978153 0.005159 0.001736 -0.003485 
138713960857320 0.005159 0.001736 -0.003485 
138713980736486 0.005159 0.001736 -0.003485 
138714000615653 0.005159 0.001736 -0.003485 
138714020496903 0.005159 0.001736 -0.003485 
138714040376695 0.005159 0.001736 -0.003485 
138714060255861 0.005159 0.001736 -0.003485 
138714080135028 0.005159 0.001736 -0.003485 
138714100014195 0.005159 0.001736 -0.003485 
138714119893361 0.005159 0.001736 -0.003485 
138714139772528 0.005159 0.001736 -0.003485 
138714159651695 0.005159 0.001736 -0.003485 
138714179530861 0.005159 0.001736 -0.003485 
138714199410028 0.005159 0.001736 -0.003485 
138714219289195 0.005159 0.001736 -0.003485 
138714239168361 0.005159 0.001736 -0.003485 
138714259047528 0.005159 0.001736 -0.003485 
138714278926695 0.005159 0.001736 -0.003485 
138714298805861 0.005159 0.001736 -0.003485 
138714318685028 0.005159 0.001736 -0.003485 
138714338564195 0.005159 0.001736 -0.003485 
138714358443361 0.005159 0.001736 -0.003485 
138714378322528 0.005159 0.001736 -0.003485 
138714398201695 0.005159 0.001736 -0.003485 
138714418080861 0.005159 0.001736 -0.003485 
138714437960028 0.005159 0.001736 -0.003485 
138714457839195 0.005159 0.001736 -0.003485 
138714477718361 0.005159 0.001736 -0.003485 
138714497597528 0.005159 0.001736 -0.003485 
138714517478882 0.005159 0.001736 -0.003485 
138714537359924 0.005159 0.001736 -0.003485 
138714557239091 0.005159 0.001736 -0.003485 
138714577118257 0.005159 0.001736 -0.003485 
138714596997424 0.005159 0.001736 -0.003485 
138714616876591 0.005159 0.001736 -0.003485 
138714636755757 0.005159 0.001736 -0.003485 
138714656634924 0.005159 0.001736 -0.003485 
138714676514091 0.005159 0.001736 -0.003485 
138714696393257 0.005159 0.001736 -0.003485 
138714716272424 0.005159 0.001736 -0.003485 
138714736151591 0.005159 0.001736 -0.003485 
138714756030757 0.005159 0.001736 -0.003485 
138714775909924 0.005159 0.001736 -0.003485 
138714795789091 0.005159 0.001736 -0.003485 
138714815668257 0.005159 0.001736 -0.003485 
138714835547424 0.005159 0.001736 -0.003485 
138714855426591 0.005159 0.001736 -0.003485 
138714875305757 0.005159 0.001736 -0.003485 
138714895184924 0.005159 0.001736 -0.003485 
138714915064091 0.005159 0.001736 -0.003485 
138714934943257 0.005159 0.001736 -0.003485 
138714954822424 0.005159 0.001736 -0.003485 
138714974701591 0.005159 0.001736 -0.003485 
138714994580757 0.005159 0.001736 -0.003485 
138715014460966 0.005159 0.001736 -0.003485 
138715034343518 0.005159 0.001736 -0.003485 
138715054222684 0.005159 0.001736 -0.003485 
138715074101851 0.005159 0.001736 -0.003485 
138715093981018 0.005159 0.001736 -0.003485 
138715113860184 0.005159 0.001736 -0.003485 
138715133739351 0.005159 0.001736 -0.003485 
138715153618518 0.005159 0.001736 -0.003485 
138715173497684 0.005159 0.001736 -0.003485 
138715193376851 0.005159 0.001736 -0.003485 
138715213256018 0.005159 0.001736 -0.003485 
138715233135184 0.005159 0.001736 -0.003485 
138715253014351 0.005159 0.001736 -0.003485 
138715272893518 0.005159 0.001736 -0.003485 
138715292772684 0.005159 0.001736 -0.003485 
138715312651851 0.005159 0.001736 -0.003485 
138715332531018 0.005159 0.001736 -0.003485 
138715352410184 0.005159 0.001736 -0.003485 
138715372289351 0.005159 0.001736 -0.003485 
138715392168518 0.005159 0.001736 -0.003485 
138715412047684 0.005159 0.001736 -0.003485 
138715431926851 0.005159 0.001736 -0.003485 
138715451806018 0.005159 0.001736 -0.003485 
138715471685184 0.005159 0.001736 -0.003485 
138715491564351 0.005159 0.001736 -0.003485 
138715511443934 0.005159 0.001736 -0.003485 
138715531327476 0.005159 0.001736 -0.003485 
