# Created at Thu Dec 04 21:57:27 GMT+08:00 2025 in Burnaby Canada 
138703941739688 0.099070 0.477504 -0.220510 
138703961618854 0.311190 -0.092278 -0.345678 
138703981498021 0.512658 -0.600276 -0.550874 
138704001377188 0.774447 -0.917991 -0.213053 
138704021256354 1.073919 -0.662594 0.063117 
138704041135521 1.203615 -0.176967 -0.039814 
138704061014688 1.184307 0.706137 -0.269512 
138704080893854 1.090697 1.193628 -0.162453 
138704100773021 0.895887 0.831438 -0.196142 
138704120652188 0.655403 0.294812 -0.645816 
138704140531354 0.592287 -0.025034 -1.148887 
138704160410521 0.857005 -1.107741 -1.432780 
138704180289688 1.119459 -2.571014 -1.709349 
138704200168854 1.029178 -3.394862 -2.023202 
138704220048021 0.418382 -2.385258 -1.848898 
138704239927188 0.231828 -1.214933 -1.041695 
138704259806354 -0.070574 -1.234241 -0.706802 
138704279685521 -0.389487 -0.843822 -0.297209 
138704299564688 -0.591754 -0.504802 -0.079096 
138704319443854 -0.737029 -0.956074 -0.309193 
138704339323021 -0.661662 -1.263669 -0.529836 
138704359202188 -0.472444 -1.197090 -0.440487 
138704379081354 -0.345944 -0.835300 -0.521180 
138704398960521 -0.323973 -0.440487 -0.731969 
138704418839688 -0.467917 -0.502405 -0.371777 
138704438718882 -0.576574 -0.805606 -0.137685 
138704458598049 -0.515454 -1.030909 -0.368981 
138704478477216 -0.566853 -1.978727 -0.013582 
138704498356382 -0.637294 -2.318014 0.273373 
138704518235549 -0.616655 -1.112135 -0.063117 
138704538114716 -0.337555 -1.136503 -0.085088 
138704557993882 0.251269 -1.680853 -0.075900 
138704577873049 0.639957 -2.358494 0.207593 
138704597752216 0.474309 -3.482080 0.400406 
138704617631382 -0.421445 -4.043208 -0.078297 
138704637510549 -1.127049 -3.765174 -0.313720 
138704657389716 -1.132242 -3.346393 -0.238353 
138704677268882 -1.086569 -3.698595 -0.118511 
138704697148049 -1.710547 -4.321242 0.264585 
138704717027216 -3.032140 -3.984885 0.701742 
138704736906382 -4.262120 -3.470895 0.912798 
138704756785549 -5.378516 -3.605385 1.049418 
138704776664716 -7.151381 -2.669950 1.481249 
138704796543882 -9.035300 -1.566337 2.160088 
138704816423049 -10.259953 -1.958487 3.259840 
138704836302216 -10.151297 -2.773014 4.141479 
138704856181382 -9.147419 -2.689924 4.241746 
138704876060549 -7.835813 -1.329982 3.434011 
138704895939716 -6.899446 1.029311 2.863961 
138704915818882 -6.589854 2.891125 2.402169 
138704935698049 -6.282259 3.579020 1.450090 
138704955577216 -5.279580 4.038015 0.090814 
138704975456382 -3.769435 4.602871 -1.344096 
138704995335549 -2.518017 4.835897 -2.348507 
138705015214716 -1.982322 4.355464 -3.078079 
138705035094924 -1.619866 3.356779 -4.123369 
138705054975132 -1.014264 2.320943 -5.443497 
138705074855341 0.179763 2.319612 -6.292778 
138705094735549 1.636778 2.621614 -6.421942 
138705114615757 2.752774 1.492035 -6.781468 
138705134495966 3.270226 0.474974 -6.744317 
138705154376174 3.234673 -0.294013 -5.896234 
138705174256382 3.233475 -0.803342 -5.281977 
138705194136591 3.079011 -1.015463 -4.940693 
138705214016018 2.549842 -0.156461 -4.409659 
138705233895184 2.221341 1.477254 -3.618834 
138705253774351 2.420412 2.791390 -2.605235 
138705273653518 2.737195 3.165697 -1.492434 
138705293532684 3.024150 3.050782 -0.323308 
138705313411851 3.033205 3.138533 0.871252 
138705333291018 2.942924 3.295659 2.044774 
138705353170184 3.084604 3.129611 2.926679 
138705373049351 3.274621 3.011367 3.425888 
138705392928518 3.192462 3.076748 3.930956 
138705412807684 2.640256 3.485543 4.594748 
138705432686851 1.620133 3.422426 5.509277 
138705452566018 0.557532 1.961417 6.234456 
138705472445184 -0.038483 0.329166 6.507962 
138705492324351 -0.623179 -0.020506 6.535925 
138705512204559 -1.587110 0.217047 6.627804 
138705532081955 -2.826011 0.546214 6.522742 
138705551959039 -3.427885 0.891759 5.972933 
138705571836122 -3.555184 1.303350 4.819252 
138705591713205 -4.070772 1.767805 3.808983 
138705611590289 -4.538689 2.178065 3.512307 
138705631467372 -4.856137 2.101099 3.759182 
138705651345914 -8.002527 4.101265 2.722548 
138705671225080 -13.206606 6.271606 0.693220 
138705691104247 -13.173450 6.454432 -0.335292 
138705710983414 -7.103045 3.820035 -1.040230 
138705730862580 -0.927845 1.225186 -2.144109 
138705750741747 1.473659 0.888164 -3.842406 
138705770620914 1.730254 0.931973 -5.726857 
138705790500080 1.277517 1.728390 -6.830870 
138705810379247 1.811880 3.044124 -6.761229 
138705830258414 3.327884 3.063965 -6.465751 
138705850137580 4.737094 1.688310 -6.109819 
138705870016747 5.269726 0.406132 -5.815141 
138705889895914 4.826710 0.235690 -5.264000 
138705909775080 4.308858 0.360858 -4.459593 
138705929654247 3.714042 0.979510 -3.720167 
138705949533414 3.222556 2.197905 -2.942125 
138705969412580 2.917624 3.472227 -1.987249 
138705989291747 2.773680 4.012449 -1.196025 
138706009170914 2.938397 3.520963 -0.982573 
138706029061434 3.282077 3.246524 -0.613592 
138706048941851 3.546928 3.192728 0.349540 
138706068821018 3.019223 2.826544 0.726377 
138706088700184 1.336906 2.411890 0.461792 
138706108579351 -1.118127 2.572212 0.095874 
138706128458518 -1.851828 2.523743 0.318647 
138706148337684 -0.932772 0.949949 0.094143 
138706168216851 -0.466985 -1.473659 -1.317065 
138706188096018 -0.883769 -3.079943 -2.854507 
138706207975184 -1.210406 -3.496595 -3.879956 
138706227854351 -1.353950 -3.726292 -3.968640 
138706247733518 -1.226518 -3.741472 -3.311106 
138706267612684 -0.516120 -3.698862 -2.447976 
138706287491851 -0.108257 -3.301785 -2.102165 
138706307371018 -0.503204 -2.931739 -1.836781 
138706327250184 -0.912531 -3.140930 -1.314003 
138706347129351 -0.814527 -3.337205 -0.577107 
138706367008518 -0.892291 -3.421627 0.515721 
138706386887684 -0.728907 -3.527221 1.707351 
138706406766851 -0.132758 -3.072753 2.310823 
138706426646018 -0.462458 -2.723746 2.360092 
138706446525184 -1.105877 -1.923733 2.690323 
138706466404351 -1.853958 -0.443682 4.714857 
138706486283518 -2.904708 0.712661 6.686660 
138706506162684 -1.792306 0.933304 3.891941 
138706526041851 1.612277 1.832387 -2.150101 
138706545917893 3.702191 1.607350 -5.520729 
138706565793934 3.107374 2.053163 -4.871184 
138706585669976 1.350222 2.988730 -2.837729 
138706605546174 0.732768 2.762628 -1.491769 
138706625424091 0.687761 1.911882 -1.202549 
138706645304091 0.336091 1.822267 -0.595216 
138706665185341 0.084688 2.289518 0.164850 
138706685066591 0.077631 2.209889 0.407197 
138706704947841 0.208925 1.186970 0.247807 
138706724829091 0.464322 0.260990 -0.005326 
138706744710341 0.220643 0.294013 -0.272441 
138706764591591 0.189883 0.881772 -0.596148 
138706784471486 0.881106 0.332362 -1.158075 
138706804350653 1.851295 -1.534113 -2.020139 
138706824229820 1.780988 -2.197639 -2.429334 
138706844108986 0.791757 -1.382845 -2.003495 
138706863988153 0.713327 -1.292431 -1.220393 
138706883867320 1.293230 -2.414154 -1.138767 
138706903746486 1.079778 -2.994989 -1.378584 
138706923625653 0.447677 -2.433195 -0.804807 
138706943504820 -0.137286 -1.602689 0.346876 
138706963383986 -0.461925 -1.183242 1.419197 
138706983263153 -1.040629 -0.950215 1.683516 
138707003142320 -2.329332 -0.255397 1.279115 
138707022911955 -3.493932 0.589091 0.918390 
138707042649716 -3.342931 0.041279 0.615057 
138707062436122 -1.697498 -2.130927 1.146889 
138707082282007 -0.519183 -3.330813 2.074601 
138707102187945 -0.805206 -1.815609 2.814560 
138707122145445 -1.959952 0.563524 2.852909 
138707142138726 -2.658365 2.018675 1.537575 
138707162146174 -0.854341 2.598977 -1.536376 
138707182054716 2.837463 2.738527 -4.036017 
138707201933882 5.565071 2.243445 -4.067310 
138707221813049 5.403151 2.352635 -2.452636 
138707241692216 3.726292 2.672081 -0.858070 
138707261571382 2.900180 3.493133 0.574710 
138707281450549 2.821883 4.296341 2.596713 
138707301329716 3.010568 4.379432 4.924581 
138707321208882 2.815758 4.158257 6.780803 
138707341088049 1.460876 4.727374 7.269759 
138707360967216 -0.523178 5.802491 6.324737 
138707380846382 -0.564590 5.274653 4.821383 
138707400725549 1.046622 4.272506 3.301518 
138707420604716 2.126932 3.603121 2.296975 
138707440483882 3.069158 2.212153 1.610412 
138707460363049 4.725643 0.874315 1.174453 
138707480242216 5.983453 0.391618 1.074318 
138707500121382 6.868421 0.561394 0.905740 
138707520001278 6.810630 1.129046 0.765525 
138707539876278 6.282526 1.865277 1.012933 
138707559751278 5.442565 3.076082 1.522129 
138707579626278 5.261204 2.608032 0.849015 
138707599502528 6.778672 -0.671382 -1.710813 
138707619380861 7.841539 -2.551173 -3.537874 
138707639261278 6.580799 -2.197506 -3.498326 
138707659143414 4.638690 -1.239434 -2.111619 
138707679025705 2.977945 -0.374706 -1.009737 
138707698907997 1.966743 0.642221 -0.823715 
138707718790289 2.007223 1.562475 -1.227450 
138707738670966 2.116812 1.223988 -1.439438 
138707758550132 1.815076 -0.645017 -0.615989 
138707778429299 1.459944 -1.604820 0.508397 
138707798308466 0.870187 -0.932638 1.322392 
138707818187632 -0.087085 0.144610 2.131459 
138707838066799 -1.088433 0.841292 3.050382 
138707857945966 -1.840110 1.064332 3.822166 
138707877825132 -2.230662 0.871519 4.613790 
138707897704299 -2.281662 0.228499 5.696231 
138707917583466 -2.150501 -0.610263 6.881736 
138707937462632 -2.001897 -1.359676 8.055524 
138707957341799 -1.536110 -1.753424 8.956604 
138707977220966 -0.755938 -1.814144 9.471393 
138707997100132 -0.027963 -1.651958 9.873662 
138708016919455 0.423442 -0.855939 10.482461 
138708036646278 0.128231 0.057258 10.920683 
138708056416747 -1.221991 1.086702 10.600438 
138708076244195 -2.581134 2.096705 9.488303 
138708096132632 -3.105377 2.518283 7.995869 
138708116075757 -3.214566 2.340651 6.459492 
138708136059976 -3.036933 1.959286 5.331112 
138708156065236 -2.646248 1.472860 4.540420 
138708176012528 -2.397775 1.345162 3.681951 
138708195891695 -2.247174 1.440769 2.770484 
138708215770861 -2.043042 1.474591 2.089115 
138708235650028 -1.752758 1.376054 1.641172 
138708255529195 -1.439038 1.065264 1.357013 
138708275408361 -1.199487 0.262587 1.092028 
138708295287528 -0.893357 -0.837697 0.719186 
138708315166695 -0.419181 -1.621731 0.301336 
138708335045861 -0.120108 -1.899898 -0.144743 
138708354925028 -0.010919 -1.831455 -0.631169 
138708374804195 0.186821 -1.850097 -1.274987 
138708394683361 0.531966 -2.010019 -2.075933 
138708414562528 0.926913 -2.057424 -2.913496 
138708434441695 1.346893 -1.839710 -3.756386 
138708454320861 1.646232 -1.520398 -4.463588 
138708474200028 1.738643 -1.374456 -4.987565 
138708494079195 1.537575 -1.367665 -5.541502 
138708513958361 1.313470 -1.232244 -6.264150 
138708533837528 1.445696 -0.970455 -6.828740 
138708553716695 1.860217 -0.862997 -7.039129 
138708573595861 2.159156 -1.045423 -7.161235 
138708593475028 2.313753 -1.576723 -7.221822 
138708613354195 2.349173 -1.608548 -6.925812 
138708633233361 2.016011 -1.333843 -6.694916 
138708653112528 1.685647 -0.824514 -6.551904 
138708672991695 1.461941 -0.267115 -6.479067 
138708692870861 1.362738 -0.042078 -6.451503 
138708712750028 1.255946 -0.259392 -6.471743 
138708732629195 1.142628 -0.522645 -6.351368 
138708752508361 1.036768 -0.746217 -6.077329 
138708772387528 0.879908 -1.032773 -5.851493 
138708792266695 0.613459 -1.154480 -5.718602 
138708812145861 0.190815 -0.661262 -5.450821 
138708832025028 -0.232760 0.063250 -4.785430 
138708851904195 -0.526906 0.230097 -3.944937 
138708871783361 -0.581368 0.293347 -3.250652 
138708891662528 -0.143145 0.576041 -2.679538 
138708911541695 0.562859 0.488956 -1.984053 
138708931420861 0.949416 0.048603 -1.198155 
138708951300028 0.838363 -0.088151 -0.541420 
138708971179195 0.451272 0.033556 0.131427 
138708991058361 0.123038 0.111054 1.176983 
138709010937528 0.068443 0.158058 2.404167 
138709030814507 -0.042344 0.357263 3.459444 
138709050688466 -0.342083 0.422777 4.360923 
138709070562841 -0.594417 0.132492 5.120456 
138709090439195 -0.630237 -0.121307 5.720865 
138709110317632 -0.596947 -0.264984 6.163482 
138709130198153 -0.607067 -0.296410 6.556964 
138709150080341 -0.768055 0.104928 6.833666 
138709169962632 -1.094159 0.751544 7.032338 
138709189844924 -1.514938 1.286306 7.249385 
138709209727216 -1.900164 1.607616 7.364833 
138709229607736 -2.209756 1.701759 7.358708 
138709249486903 -2.374340 1.668736 7.319027 
138709269366070 -2.207892 1.598561 7.317429 
138709289245236 -1.880590 1.459411 7.213965 
138709309124403 -1.886449 1.522395 6.753505 
138709329003570 -2.228665 1.394963 6.319277 
138709348882736 -2.571680 1.629987 5.924730 
138709368761903 -2.729339 2.680869 5.157740 
138709388641070 -2.895919 4.014047 4.248804 
138709408520236 -3.085137 4.485426 3.620565 
138709428399403 -2.815891 3.762644 3.326818 
138709448278570 -1.990445 2.548510 2.953843 
138709468157736 -1.283909 1.466868 2.317747 
138709488036903 -1.107475 0.587360 1.768204 
138709507916070 -1.082707 0.007057 1.388837 
138709527647424 -0.814128 -0.367250 0.925980 
138709547396174 -0.414521 -0.717322 0.290151 
138709567196903 -0.055127 -0.869921 -0.468050 
138709587058153 0.421179 -0.788029 -1.167130 
138709606977841 0.974450 -0.814261 -1.780588 
138709626945653 1.546363 -1.022786 -2.359293 
138709646944195 2.102031 -1.295627 -2.910833 
138709666935549 2.574076 -1.585512 -3.467433 
138709686828466 2.840659 -1.965545 -3.974365 
138709706707632 2.952112 -2.532931 -4.486092 
138709726586799 2.890593 -3.120956 -5.039363 
138709746465966 2.500573 -3.710313 -5.585577 
138709766345132 2.026531 -3.887014 -5.916075 
138709786224299 1.718270 -3.623894 -5.875728 
138709806103466 1.484045 -3.175817 -5.776792 
138709825982632 1.228915 -2.390984 -5.888511 
138709845861799 1.023585 -1.376986 -6.251234 
138709865740966 0.929176 -0.451405 -6.605567 
138709885620132 0.842091 0.205463 -6.730203 
138709905499299 0.746217 0.374973 -6.719816 
138709925378466 0.568984 -0.168045 -6.877608 
138709945257632 0.221708 -0.948218 -7.193459 
138709965136799 0.016245 -1.206944 -7.261636 
138709985015966 0.153531 -0.966993 -6.851110 
138710004895132 0.355532 -0.661129 -6.119673 
138710024657111 0.399074 -0.302002 -5.346292 
138710044396903 0.249804 -0.005859 -4.650808 
138710064186799 0.161787 0.321177 -4.031490 
138710084036747 0.198539 0.696150 -3.385807 
138710103946226 0.240750 0.745685 -2.601640 
138710123906018 0.181095 0.720784 -1.871002 
138710143899716 0.086420 0.680570 -1.111869 
138710163903414 0.026232 0.398409 -0.147805 
138710183807424 -0.055261 0.077764 0.961800 
138710203686591 -0.257394 -0.151134 2.094575 
138710223565757 -0.323574 -0.504802 3.233874 
138710243444924 0.136087 -0.951813 4.234157 
138710263324091 0.886166 -1.411208 5.182374 
138710283203257 1.448625 -1.602689 6.180660 
138710303082424 1.681519 -1.248888 6.848846 
138710322961591 1.570598 -0.580569 7.085335 
138710342840757 1.278849 0.043143 7.111034 
138710362719924 0.741690 0.601741 7.040194 
138710382599091 0.027963 1.290567 7.132073 
138710402478257 -0.702941 1.797100 7.407844 
138710422357424 -1.228249 2.074867 7.660311 
138710442236591 -1.467534 2.185255 7.695198 
138710462115757 -1.650093 2.302168 7.413969 
138710481994924 -1.965278 2.461957 6.893721 
138710501874091 -2.160887 2.188051 6.402501 
138710521653882 -1.886981 1.428918 6.142843 
138710541377736 -1.341700 0.699212 6.065478 
138710561152736 -0.955941 0.322109 5.709280 
138710580990966 -0.734766 0.471645 4.921917 
138710600893570 -0.678307 0.806138 4.169974 
138710620851486 -0.761930 1.296026 3.496861 
138710640848778 -0.887631 1.633315 2.988997 
138710660863466 -0.882970 1.682717 2.686195 
138710680786591 -0.729040 1.469531 2.356097 
138710700665757 -0.427970 1.204014 1.952495 
138710720544924 -0.047804 0.772582 1.504285 
138710740424091 0.264851 0.247541 0.897884 
138710760303257 0.553138 -0.239551 -0.029694 
138710780182424 0.823715 -0.540754 -1.121456 
138710800061591 1.021322 -0.771251 -2.091645 
138710819940757 1.202150 -1.102015 -2.879940 
138710839819924 1.380582 -1.355282 -3.588607 
138710859699091 1.484844 -1.448625 -4.311255 
138710879578257 1.495231 -1.464604 -5.036300 
138710899457424 1.411874 -1.542369 -5.654153 
138710919336591 1.319462 -1.604686 -6.081723 
138710939215757 1.296293 -1.705753 -6.273870 
138710959094924 1.341433 -1.682451 -6.378532 
138710978974091 1.312804 -1.456349 -6.526870 
138710998853257 1.153015 -0.838363 -6.476803 
138711018702372 0.977779 0.711729 -6.249902 
138711038514351 0.757669 2.228798 -6.237917 
138711058345080 1.072055 2.638125 -6.303964 
138711078201330 1.790309 0.811465 -5.738043 
138711098084403 2.040113 0.033423 -6.124733 
138711117991434 1.972735 -0.636096 -6.426735 
138711137916955 1.790708 -1.147822 -6.124733 
138711157851851 1.588708 -1.747299 -5.572261 
138711177766174 1.339303 -2.155028 -4.882236 
138711197645341 1.148620 -2.097903 -4.331096 
138711217524507 0.926779 -1.725461 -3.973034 
138711237403674 0.564723 -1.436508 -3.727624 
138711257282841 0.269112 -0.957938 -3.412572 
138711277162007 0.147938 -0.612527 -2.923084 
138711297041174 0.194544 -0.337023 -2.323873 
138711316920341 0.244611 0.033556 -1.668736 
138711336799507 0.151134 0.348608 -0.837564 
138711356678674 -0.056193 0.510261 0.057791 
138711376557841 -0.298008 0.782969 0.941693 
138711396437007 -0.534629 1.021188 1.837846 
138711416316174 -0.649944 0.979643 2.840925 
138711436195341 -0.533031 0.715325 3.847732 
138711456074507 -0.228233 0.391484 4.677306 
138711475953674 0.086020 0.140482 5.200085 
138711495832841 0.122505 0.176434 5.456414 
138711515712007 -0.166714 0.550209 5.558679 
138711535591174 -0.617054 1.084172 5.562008 
138711555470341 -1.100018 1.553421 5.541235 
138711575349507 -1.515204 1.819337 5.557214 
138711595228674 -1.859018 1.804024 5.649892 
138711615107841 -2.134788 1.616138 5.922866 
138711634987007 -2.400439 1.269262 6.354564 
138711654866174 -2.539855 1.004277 6.753239 
138711674745341 -2.507231 0.934236 6.986132 
138711694624507 -2.552771 1.235706 6.918488 
138711714503674 -3.006973 1.804557 6.639788 
138711734382841 -3.575957 2.227999 6.187051 
138711754262007 -3.567035 2.433595 5.548026 
138711774141174 -2.775811 2.207493 4.705935 
138711794020341 -1.666072 1.762612 3.829090 
138711813899507 -0.898683 1.376853 3.053978 
138711833778674 -0.433962 1.204547 2.437057 
138711853657841 -0.085754 1.181644 2.023202 
138711873537007 0.038483 1.065264 1.678722 
138711893416174 -0.076300 0.710398 1.304682 
138711913295341 -0.256862 0.213186 0.944090 
138711933174507 -0.402537 -0.429701 0.532366 
138711953053674 -0.392150 -1.138501 0.053263 
138711972932841 -0.209324 -1.586843 -0.491885 
138711992812007 0.096806 -1.664075 -1.078446 
138712012691486 0.516253 -1.455683 -1.697897 
138712032571851 1.001880 -1.341700 -2.323074 
138712052451018 1.566736 -1.377918 -2.901512 
138712072330184 1.979260 -1.559147 -3.337205 
138712092209351 2.151167 -1.871668 -3.516302 
138712112088518 2.241448 -2.239317 -3.514571 
138712131967684 2.223338 -2.638658 -3.727890 
138712151846851 1.917874 -3.016560 -4.408194 
138712171726018 1.451954 -3.297790 -5.322323 
138712191605184 0.949683 -3.499924 -6.166278 
138712211484351 0.431565 -3.430681 -6.707433 
138712231363518 0.125701 -2.835732 -6.921817 
138712251242684 0.088151 -1.781653 -6.992923 
138712271121851 0.204264 -0.564190 -7.042591 
138712291001018 0.411458 0.343148 -7.022351 
138712310880184 0.589623 0.592952 -6.885864 
138712330759351 0.686962 0.207460 -6.686527 
138712350638518 0.733967 -0.363921 -6.333259 
138712370517684 0.698413 -0.970721 -5.911681 
138712390396851 0.640889 -1.448625 -5.481714 
138712410276018 0.673247 -1.865942 -5.021919 
138712430155184 0.657667 -2.161154 -4.499540 
138712450034351 0.548877 -2.237320 -4.097270 
138712469913518 0.365519 -1.980591 -3.657849 
138712489792684 0.119443 -1.408012 -3.014030 
138712509671851 -0.233825 -0.670850 -2.351170 
138712529351382 -0.526773 0.145408 -1.673929 
138712549066278 -0.640357 0.674046 -0.876712 
138712568849716 -0.633033 0.738361 0.213719 
138712588710966 -0.591354 0.842624 1.728124 
138712608647007 -0.455533 0.997353 3.693402 
138712628643049 -0.128631 0.917991 5.655085 
138712648676903 0.263120 1.025716 6.912629 
138712668693257 0.625310 1.400689 7.208772 
138712688586382 0.770851 1.614940 6.694916 
138712708465549 0.506133 1.624793 5.883984 
138712728344716 -0.141281 1.556217 5.408210 
138712748223882 -0.809201 1.524659 5.327250 
138712768103049 -1.307212 1.515604 5.510076 
138712787982216 -1.630919 1.650093 5.931654 
138712807861382 -1.882854 1.877128 6.428200 
138712827740549 -2.037317 2.175268 6.756967 
138712847619716 -2.119608 2.264351 6.852042 
138712867498882 -2.113883 1.967941 6.807034 
138712887378049 -2.041844 1.240366 6.775743 
138712907257216 -2.178198 0.784833 6.665221 
138712927136382 -2.396177 0.882305 6.014479 
138712947015549 -2.268878 1.172722 4.801543 
138712966894716 -1.716539 1.302418 3.679687 
138712986773882 -1.183375 1.438239 3.238535 
138713006653049 -0.957006 1.844238 3.370095 
138713026533726 -1.000416 2.473010 3.563440 
138713046412893 -1.030376 3.130277 3.535743 
138713066292059 -0.938897 3.476488 3.187136 
138713086171226 -0.576574 3.111103 2.531599 
138713106050393 -0.146873 1.822267 1.671665 
138713125929559 0.178032 -0.011851 0.622780 
138713145808726 0.541553 -1.472594 -0.522911 
138713165687893 0.877245 -1.820003 -1.623994 
138713185567059 1.035969 -1.151816 -2.599643 
138713205446226 1.234374 -0.382430 -3.406447 
138713225325393 1.812679 0.012117 -4.045073 
138713245204559 2.530800 -0.049801 -4.394745 
138713265083726 2.958770 -0.473377 -4.489820 
138713284962893 3.029876 -1.045556 -4.665322 
138713304842059 2.936266 -1.502688 -5.178113 
138713324721226 2.741323 -1.818272 -5.829522 
138713344600393 2.394579 -1.903227 -6.394911 
138713364479559 2.036118 -1.897101 -6.692253 
138713384358726 1.903626 -1.723197 -6.754837 
138713404237893 2.007223 -1.347825 -6.696247 
138713424117059 2.081525 -1.214534 -6.546178 
138713443996226 2.091246 -0.598811 -6.510092 
138713463875393 2.016810 0.245277 -6.647645 
138713483754559 2.131193 0.573644 -6.546444 
138713503633726 2.263952 0.335958 -6.247505 
138713523513570 2.318147 -0.085221 -5.873331 
138713543393778 2.305630 -0.590689 -5.510343 
138713563273986 2.235456 -1.056475 -5.165197 
138713583153153 2.029727 -1.250620 -4.863461 
138713603032320 1.698563 -1.125717 -4.527104 
138713622911486 1.209341 -0.783368 -4.094873 
138713642790653 0.655137 -0.191614 -3.577954 
138713662669820 0.160322 0.456332 -3.110437 
138713682548986 -0.147672 0.752342 -2.157026 
138713702428153 -0.199870 0.562326 -0.377236 
138713722307320 -0.045007 0.068576 1.523194 
138713742186486 -0.037950 -0.203865 2.897517 
138713762065653 -0.511193 -0.143278 3.860649 
138713781944820 -1.154213 0.085754 4.701008 
138713801823986 -1.424790 0.110654 5.487706 
138713821703153 -1.258209 -0.057924 6.178263 
138713841582320 -0.938364 -0.198405 6.627005 
138713861461486 -0.743021 -0.122505 6.791588 
138713881340653 -0.904808 0.338354 6.782134 
138713901219820 -1.347692 1.131310 6.683731 
138713921098986 -1.911216 1.787246 6.409957 
138713940978153 -2.479667 2.286056 6.188915 
138713960857320 -3.115364 2.567152 6.079992 
138713980736486 -3.607116 2.600309 6.136584 
138714000615653 -3.799396 2.433328 6.219675 
138714020496903 -3.718569 2.228132 6.134853 
138714040376695 -3.468898 1.952895 5.790640 
138714060255861 -3.005109 1.571530 5.320326 
138714080135028 -2.393514 1.209341 4.878375 
138714100014195 -1.883386 0.917192 4.477436 
138714119893361 -1.559546 0.715724 4.068109 
138714139772528 -1.336107 0.699079 3.605119 
138714159651695 -1.085104 0.893090 3.083805 
138714179530861 -0.833036 1.127981 2.529469 
138714199410028 -0.660064 1.496163 2.074068 
138714219289195 -0.696549 1.696166 1.885650 
138714239168361 -0.817190 1.723064 1.859950 
138714259047528 -0.757669 1.524659 1.739975 
138714278926695 -0.455533 0.857271 1.386574 
138714298805861 -0.115981 -0.067777 0.863263 
138714318685028 0.106260 -0.928644 0.231695 
138714338564195 0.181761 -1.538374 -0.434228 
138714358443361 0.314919 -1.815609 -1.145558 
138714378322528 0.710531 -1.563008 -1.988315 
138714398201695 1.271259 -0.870054 -2.729738 
138714418080861 1.650227 -0.433562 -3.398058 
138714437960028 1.869671 -0.162985 -3.793803 
138714457839195 1.968341 0.201601 -4.016310 
138714477718361 1.998035 0.189351 -4.102996 
138714497597528 2.022936 -0.251669 -4.249070 
138714517478882 2.009220 -0.894955 -4.655868 
138714537359924 1.977928 -1.439970 -5.342164 
138714557239091 2.050766 -1.643702 -6.019139 
138714577118257 2.248239 -1.542502 -6.448041 
138714596997424 2.141446 -1.122255 -6.613955 
138714616876591 2.025199 -0.232760 -6.763492 
138714636755757 2.244777 1.030509 -7.062165 
138714656634924 2.557165 2.494182 -7.371092 
138714676514091 2.713093 3.797931 -7.392530 
138714696393257 2.764759 4.469580 -6.939660 
138714716272424 2.754239 4.759332 -6.229928 
138714736151591 2.732135 4.873847 -5.460541 
138714756030757 2.573144 5.195557 -4.806736 
138714775909924 2.350770 5.712077 -4.078628 
138714795789091 2.077664 6.164015 -3.216297 
138714815668257 1.656485 6.185453 -2.389786 
138714835547424 1.245027 5.621530 -1.785781 
138714855426591 0.922119 4.548409 -1.364736 
138714875305757 0.813861 3.636943 -1.054877 
138714895184924 0.827044 3.175817 -0.753141 
138714915064091 0.719985 2.959036 -0.467384 
138714934943257 0.515854 2.384992 -0.374840 
138714954822424 0.365918 1.555019 -0.359526 
138714974701591 0.151534 0.972319 -0.267914 
138714994580757 -0.257394 0.764327 -0.065514 
138715014460966 -0.726110 1.625193 0.090547 
138715034343518 -1.507348 1.744103 0.309060 
138715054222684 -2.039181 1.328517 0.493750 
138715074101851 -2.042510 1.404816 0.410526 
138715093981018 -1.846235 1.496296 0.345944 
138715113860184 -1.395096 1.482980 0.593618 
138715133739351 -0.879242 1.462607 0.814261 
138715153618518 -0.640223 1.468999 0.608266 
138715173497684 -0.579104 1.413605 0.281363 
138715193376851 -0.604670 1.202416 0.166847 
138715213256018 -0.602140 0.943025 0.080827 
138715233135184 -0.529037 0.626109 0.038749 
138715253014351 -0.474708 0.301603 0.090547 
138715272893518 -0.455400 0.338754 0.095874 
138715292772684 -0.428369 0.594417 0.147406 
138715312651851 -0.291083 0.620782 0.182826 
138715332531018 0.016378 0.384427 -0.014248 
138715352410184 0.333028 0.062851 -0.369646 
138715372289351 0.429301 -0.138218 -0.553937 
138715392168518 0.422777 -0.014781 -0.395745 
138715412047684 0.487491 0.176967 -0.182426 
138715431926851 0.444348 -0.062584 -0.141281 
138715451806018 0.208259 -0.354067 -0.087218 
138715471685184 -0.126101 -0.126766 0.061519 
138715491564351 -0.209058 0.189883 0.268713 
138715511443934 -0.029428 -0.015313 0.486293 
138715531327476 0.127432 -0.420513 0.455400 
