# Created at Thu Dec 04 21:57:27 GMT+08:00 2025 in Burnaby Canada 
138703941739688 -1.458775 -0.635038 -0.907830 
138703961618854 -1.557919 -0.269960 -0.688888 
138703981498021 -1.729097 -0.143407 -0.578373 
138704001377188 -3.248116 -0.709917 0.305913 
138704021256354 -1.415284 -0.958205 0.481217 
138704041135521 -0.053543 -1.282171 -0.197169 
138704061014688 0.137873 -1.481104 -1.097511 
138704080893854 -1.635013 -0.440849 -1.486403 
138704100773021 -0.343238 -0.274597 -1.858930 
138704120652188 1.155732 -0.739213 -2.373393 
138704140531354 1.323596 -0.475548 -1.263409 
138704160410521 1.022811 -0.472512 -0.331111 
138704180289688 0.045758 -0.873734 -1.700822 
138704200168854 -1.980698 -1.113518 -3.266795 
138704220048021 -4.609027 -0.388037 -2.154969 
138704239927188 -3.910152 -1.266678 -0.660990 
138704259806354 -2.553153 -0.958237 -0.907775 
138704279685521 -2.205119 -0.124865 -0.581985 
138704299564688 -0.611673 -0.282717 -0.523960 
138704319443854 -0.917082 -0.302691 -0.022794 
138704339323021 -1.636220 -0.176204 0.856940 
138704359202188 -1.533915 -0.416501 0.914645 
138704379081354 -1.153447 -0.052194 0.404585 
138704398960521 -2.175673 0.340533 -0.497336 
138704418839688 -2.901775 0.309320 -1.402447 
138704438718882 -1.637439 0.377255 -1.808093 
138704458598049 -1.348235 0.121782 -1.603139 
138704478477216 -2.780550 0.628916 -1.707975 
138704498356382 -0.815472 -0.514687 -2.161731 
138704518235549 0.420702 -1.127172 -0.625479 
138704538114716 -0.274658 -0.757303 -0.130809 
138704557993882 -0.741826 -1.384960 -1.353872 
138704577873049 -1.099998 -2.030937 -4.498128 
138704597752216 1.955448 -1.906701 -7.705022 
138704617631382 4.649871 -1.891714 -9.434383 
138704637510549 2.449894 -2.918716 -7.199638 
138704657389716 1.760567 -4.075776 -7.602201 
138704677268882 0.491233 -5.305036 -11.720192 
138704697148049 -0.859828 -7.721014 -17.055994 
138704717027216 0.335717 -11.313801 -19.696440 
138704736906382 1.297102 -16.128754 -20.183514 
138704756785549 1.125284 -22.158424 -21.315342 
138704776664716 0.270337 -29.790615 -20.996517 
138704796543882 -0.740078 -38.170330 -16.013203 
138704816423049 1.870078 -45.496563 -6.910094 
138704836302216 7.996302 -48.130363 3.466192 
138704856181382 15.904405 -43.414112 11.048176 
138704876060549 18.030296 -35.171833 15.725274 
138704895939716 14.121582 -27.489670 15.147865 
138704915818882 13.978485 -21.065372 14.673036 
138704935698049 16.006527 -15.438284 18.537985 
138704955577216 16.284538 -10.056875 23.293606 
138704975456382 13.638067 -6.631865 22.743570 
138704995335549 9.601232 -4.903746 17.346254 
138705015214716 9.739879 -3.107489 13.565338 
138705035094924 12.968205 -2.933902 15.614921 
138705054975132 14.899940 -6.548989 21.008692 
138705074855341 10.284251 -9.641454 25.243111 
138705094735549 5.416115 -9.231390 22.577332 
138705114615757 -0.186616 -9.508835 17.289347 
138705134495966 -10.967380 -9.994858 11.389827 
138705154376174 -16.654522 -10.316448 8.594312 
138705174256382 -15.403820 -10.046082 8.488116 
138705194136591 -16.082024 -10.540636 7.125285 
138705214016018 -16.802677 -11.039991 7.229236 
138705233895184 -18.005795 -11.491312 9.603467 
138705253774351 -19.265110 -11.679162 10.155326 
138705273653518 -19.725006 -11.584778 8.650926 
138705293532684 -19.495314 -11.664375 7.121747 
138705313411851 -17.979403 -12.370667 5.634918 
138705333291018 -15.185431 -13.229824 5.207858 
138705353170184 -10.643324 -14.177514 5.672806 
138705373049351 -7.725044 -15.109482 3.868901 
138705392928518 -7.327988 -17.044870 -0.173612 
138705412807684 -7.115755 -20.353573 -7.070066 
138705432686851 -4.507891 -24.401564 -13.302980 
138705452566018 1.418634 -27.137682 -14.639802 
138705472445184 8.609609 -30.652311 -12.856389 
138705492324351 12.681540 -33.928219 -13.464091 
138705512204559 15.030263 -32.625721 -14.755145 
138705532081955 15.637014 -27.080458 -13.030716 
138705551959039 16.927599 -20.053724 -7.881768 
138705571836122 16.193228 -13.036372 -7.934081 
138705591713205 9.518862 -9.192244 -10.439621 
138705611590289 3.980404 -6.716059 -11.628047 
138705631467372 10.457685 -9.348201 -18.748642 
138705651345914 22.813076 -13.914085 -31.686954 
138705671225080 17.279839 -22.060205 -8.220995 
138705691104247 12.554140 -22.776989 33.982445 
138705710983414 16.958870 -10.223976 60.324379 
138705730862580 24.587790 -3.654451 47.132446 
138705750741747 28.663715 -4.649919 28.615217 
138705770620914 24.869789 -10.509988 18.899406 
138705790500080 15.137299 -19.695351 18.831177 
138705810379247 9.850179 -26.997496 22.160683 
138705830258414 6.522202 -30.647804 20.453278 
138705850137580 2.175945 -32.478844 14.772406 
138705870016747 -1.419027 -32.913635 8.271678 
138705889895914 -6.430336 -29.560558 4.637460 
138705909775080 -8.695137 -25.930006 3.411652 
138705929654247 -9.327262 -23.479733 2.434691 
138705949533414 -10.934397 -21.447735 3.015224 
138705969412580 -11.206844 -19.744965 1.715299 
138705989291747 -8.957302 -17.785915 1.020896 
138706009170914 -6.042016 -17.029461 0.315519 
138706029061434 -8.234706 -17.076420 -4.060360 
138706048941851 -6.620129 -13.909340 -14.189407 
138706068821018 0.547988 -8.923376 -27.026241 
138706088700184 5.793258 -3.420125 -35.745644 
138706108579351 7.947987 0.118420 -30.141375 
138706128458518 12.805159 4.460712 -17.029459 
138706148337684 24.017609 11.984453 -15.240890 
138706168216851 28.567745 16.874805 -22.700130 
138706188096018 23.409128 15.439799 -19.676291 
138706207975184 12.376904 10.234339 -11.724341 
138706227854351 -1.123279 5.080182 -5.945141 
138706247733518 -11.301661 2.161076 0.215374 
138706267612684 -14.800471 1.222077 1.880581 
138706287491851 -16.897501 0.836589 -3.206536 
138706307371018 -20.774710 -0.082873 -6.594499 
138706327250184 -22.334444 -1.765675 -3.228251 
138706347129351 -22.294615 -3.760159 -0.137130 
138706367008518 -21.491442 -7.222035 1.359091 
138706386887684 -15.529716 -10.203442 5.393576 
138706406766851 -7.911800 -12.596130 4.196333 
138706426646018 -1.671336 -15.648054 -1.578443 
138706446525184 1.588903 -23.854803 1.037991 
138706466404351 9.414408 -33.366554 1.765255 
138706486283518 41.287148 -31.261000 10.436506 
138706506162684 73.766930 -19.282486 27.384476 
138706526041851 67.583405 -16.754360 27.049160 
138706545917893 31.521671 -24.324852 10.270120 
138706565793934 5.069130 -20.724989 -5.475270 
138706585669976 -4.868292 -13.114294 -6.773216 
138706605546174 -2.954488 -7.054872 -3.536434 
138706625424091 -4.054972 -3.265641 -4.348020 
138706645304091 -8.913551 -0.019279 -4.077643 
138706665185341 -7.557365 3.037860 -3.708396 
138706685066591 -6.360691 5.042733 -5.809714 
138706704947841 -5.863680 6.876354 -5.434893 
138706724829091 -5.825235 7.691905 -7.153100 
138706744710341 -5.559877 7.745541 -6.931424 
138706764591591 -4.906572 8.181990 -5.080235 
138706784471486 -3.458364 8.426990 -4.378891 
138706804350653 -2.587232 7.892525 -8.138495 
138706824229820 -5.649003 8.125738 -13.594967 
138706844108986 -9.370546 9.486908 -13.305005 
138706863988153 -9.069078 9.824219 -7.951820 
138706883867320 -4.969139 10.093458 -10.077845 
138706903746486 -7.669266 8.479419 -13.451777 
138706923625653 -12.957333 6.628489 -12.606473 
138706943504820 -15.245527 4.941544 -10.627789 
138706963383986 -12.328837 2.891658 -7.966822 
138706983263153 -6.300376 0.478664 -10.050163 
138707003142320 -4.846584 -3.380581 -9.190247 
138707022911955 -7.768466 -8.496266 -3.597929 
138707042649716 -10.371616 -12.677376 6.202613 
138707062436122 -10.471535 -16.201778 9.101851 
138707082282007 -2.635924 -17.711174 5.795938 
138707102187945 11.214554 -18.088608 4.371147 
138707122145445 27.828184 -17.445913 5.480065 
138707142138726 43.929562 -13.071462 18.790329 
138707162146174 43.961098 -13.345924 32.112751 
138707182054716 24.878113 -20.118153 31.710770 
138707201933882 4.288042 -24.368210 14.831429 
138707221813049 -5.183399 -20.435520 -1.431214 
138707241692216 -8.443798 -14.973122 -3.820131 
138707261571382 -12.898052 -13.214060 2.021457 
138707281450549 -17.312603 -12.873987 3.076161 
138707301329716 -15.727287 -11.309697 1.106202 
138707321208882 -6.453506 -8.700921 -4.340991 
138707341088049 7.951372 -6.581725 -8.191714 
138707360967216 18.013998 -2.747363 -3.050939 
138707380846382 21.909325 1.414858 9.343841 
138707400725549 19.119610 3.204022 12.325235 
138707420604716 12.466895 2.962064 8.770353 
138707440483882 6.512641 2.095948 10.103415 
138707460363049 2.000051 -1.404204 9.953541 
138707480242216 0.048052 -4.521810 6.930710 
138707500121382 1.900394 -6.645469 4.543639 
138707520001278 2.364153 -7.033790 1.835101 
138707539876278 2.596124 -2.552973 3.132064 
138707559751278 8.854442 4.302639 5.945228 
138707579626278 24.744335 8.093059 14.110224 
138707599502528 26.513716 3.159317 19.185680 
138707619380861 13.126606 -1.500670 8.227926 
138707639261278 1.755903 -5.238130 -1.674123 
138707659143414 -2.770769 -7.282924 -4.341288 
138707679025705 -0.521661 -8.698369 -4.396776 
138707698907997 1.570750 -11.189970 -1.056433 
138707718790289 -1.124558 -13.007647 -0.627802 
138707738670966 -9.239836 -15.013835 -5.037380 
138707758550132 -16.684288 -17.060352 -7.086336 
138707778429299 -16.736324 -18.371326 -6.723078 
138707798308466 -15.544965 -19.600510 -7.639647 
138707818187632 -16.323578 -20.716413 -8.571286 
138707838066799 -15.599616 -21.537495 -7.327441 
138707857945966 -13.845970 -22.311081 -5.084073 
138707877825132 -13.447191 -23.949856 -3.093718 
138707897704299 -11.717887 -26.732697 -2.206109 
138707917583466 -8.303059 -30.425653 -2.294305 
138707937462632 -3.806420 -33.697670 -1.567131 
138707957341799 1.246468 -34.945610 0.760533 
138707977220966 4.814596 -35.941898 1.114914 
138707997100132 6.964453 -38.276245 -0.986105 
138708016919455 9.716887 -39.718346 -3.664678 
138708036646278 14.149216 -37.228821 -8.230724 
138708056416747 19.971193 -32.561302 -9.304472 
138708076244195 22.361820 -27.114515 -3.345841 
138708096132632 23.072819 -21.088501 2.085057 
138708116075757 21.660351 -16.737030 5.148814 
138708136059976 19.861618 -13.840712 7.608389 
138708156065236 19.552887 -11.012370 8.365749 
138708176012528 20.229378 -8.107331 8.306647 
138708195891695 18.901827 -5.698575 9.167606 
138708215770861 17.182028 -4.415791 9.984509 
138708235650028 15.367550 -3.058356 10.724535 
138708255529195 14.454041 -1.639173 11.022812 
138708275408361 14.706772 -0.487540 11.112292 
138708295287528 15.358122 0.357370 11.951214 
138708315166695 15.993230 0.683969 12.105867 
138708335045861 16.553652 0.397487 11.197369 
138708354925028 17.168318 -0.313836 11.244953 
138708374804195 17.842999 -1.507604 11.801523 
138708394683361 17.997822 -3.499056 11.740381 
138708414562528 17.748852 -5.337200 11.344586 
138708434441695 16.848972 -6.855764 10.425385 
138708454320861 14.845797 -8.085118 8.563166 
138708474200028 13.281359 -9.835900 5.948184 
138708494079195 13.240058 -12.707137 4.221442 
138708513958361 13.406713 -16.333221 4.774336 
138708533837528 10.479273 -20.138245 5.776257 
138708553716695 8.589177 -23.202343 5.232719 
138708573595861 7.216603 -25.381697 3.663386 
138708593475028 4.903144 -26.322952 3.446387 
138708613354195 3.187598 -25.785053 2.110090 
138708633233361 3.208720 -24.793694 1.164968 
138708653112528 2.410087 -23.470959 0.778438 
138708672991695 1.712778 -22.663708 0.485917 
138708692870861 0.454950 -21.828390 0.075619 
138708712750028 -0.981360 -21.379032 -0.040208 
138708732629195 -3.030820 -20.849560 0.520912 
138708752508361 -4.165552 -19.803726 0.633339 
138708772387528 -4.273632 -18.403679 0.590467 
138708792266695 -4.102818 -17.710024 0.238602 
138708812145861 -5.823673 -18.241205 -0.207493 
138708832025028 -9.097654 -17.946892 -0.220894 
138708851904195 -10.902050 -17.028315 -0.020540 
138708871783361 -11.204234 -15.763903 1.780784 
138708891662528 -12.053782 -15.155037 3.317358 
138708911541695 -13.880227 -14.787300 2.161285 
138708931420861 -15.094503 -14.405075 -0.579355 
138708951300028 -16.030262 -14.004047 -2.760248 
138708971179195 -18.124619 -14.468916 -3.647081 
138708991058361 -20.070934 -15.296215 -2.795920 
138709010937528 -19.231377 -16.230900 -2.105167 
138709030814507 -17.402382 -16.903412 -2.733248 
138709050688466 -15.165852 -17.615561 -3.133950 
138709070562841 -11.755163 -18.307487 -2.234503 
138709090439195 -7.572895 -19.891369 -1.455383 
138709110317632 -3.898494 -21.445370 -0.694421 
138709130198153 -0.843676 -22.888041 -0.644918 
138709150080341 2.104027 -24.302084 -0.529943 
138709169962632 3.457143 -25.570705 -0.256986 
138709189844924 5.121922 -26.722874 0.568624 
138709209727216 7.204759 -27.195114 1.814348 
138709229607736 9.092289 -26.795399 3.421101 
138709249486903 10.709017 -25.295322 5.475040 
138709269366070 12.203577 -23.306801 7.280724 
138709289245236 14.758305 -20.287239 7.138056 
138709309124403 16.160521 -16.785801 5.566755 
138709329003570 15.202416 -14.688743 5.030203 
138709348882736 17.255713 -12.621395 6.512803 
138709368761903 18.781879 -9.594114 8.120382 
138709388641070 16.925533 -7.431674 8.533054 
138709408520236 13.536942 -6.764216 9.460318 
138709428399403 12.721083 -5.803258 12.145357 
138709448278570 14.658737 -3.725811 13.182573 
138709468157736 15.749334 -1.832344 11.529207 
138709488036903 15.616503 -0.997148 10.101318 
138709507916070 16.466919 -0.752585 10.865128 
138709527647424 17.937149 -0.355577 12.323574 
138709547396174 18.805277 0.015981 12.801302 
138709567196903 18.747303 -0.436800 13.105780 
138709587058153 17.510654 -1.149865 13.463695 
138709606977841 16.195263 -1.910041 12.964294 
138709626945653 14.857889 -2.426343 12.255251 
138709646944195 13.734575 -2.801837 11.067698 
138709666935549 12.421866 -3.216003 9.371176 
138709686828466 11.209731 -4.374984 7.267290 
138709706707632 10.805040 -6.417311 5.755910 
138709726586799 10.694256 -9.008251 4.078846 
138709746465966 10.546045 -12.728488 3.017771 
138709766345132 9.217354 -15.794653 3.707545 
138709786224299 8.055339 -17.127701 4.711273 
138709806103466 8.794178 -17.423676 4.818381 
138709825982632 10.425880 -17.948341 4.552458 
138709845861799 10.589615 -18.956728 4.214873 
138709865740966 8.386401 -20.198261 3.219902 
138709885620132 5.575987 -21.319469 1.794126 
138709905499299 4.083735 -21.687544 0.160208 
138709925378466 3.681906 -21.232080 -1.058420 
138709945257632 2.467194 -21.249720 -0.543556 
138709965136799 -0.609178 -21.407431 2.162021 
138709985015966 -4.047850 -20.850340 3.834936 
138710004895132 -6.043851 -19.667273 3.772275 
138710024657111 -6.803038 -18.592070 2.408185 
138710044396903 -7.886018 -17.884060 1.810127 
138710064186799 -9.133939 -17.320063 2.167457 
138710084036747 -11.777273 -17.394634 1.936517 
138710103946226 -13.601146 -17.309540 1.227224 
138710123906018 -15.055890 -17.073706 0.444335 
138710143899716 -16.893396 -16.971643 0.123146 
138710163903414 -18.722864 -17.352951 -0.426523 
138710183807424 -19.073299 -18.299015 -0.748451 
138710203686591 -18.298565 -19.457491 -0.485192 
138710223565757 -16.379482 -20.227558 1.776923 
138710243444924 -13.468805 -20.789408 3.576830 
138710263324091 -11.404216 -21.801123 2.542452 
138710283203257 -7.440169 -22.674313 0.711691 
138710303082424 -1.831205 -22.952339 -0.881487 
138710322961591 3.204109 -22.763672 -1.929017 
138710342840757 6.037237 -22.975788 -2.533269 
138710362719924 7.927616 -23.774200 -3.321130 
138710382599091 8.099307 -23.862797 -3.076327 
138710402478257 8.852394 -23.887480 -2.043590 
138710422357424 10.882291 -22.896927 0.003059 
138710442236591 13.439024 -20.872108 1.537175 
138710462115757 15.941536 -17.999891 2.163462 
138710481994924 16.688087 -15.137978 2.911147 
138710501874091 15.838149 -12.965748 4.679306 
138710521653882 14.671182 -11.639682 6.083465 
138710541377736 15.267114 -10.429370 5.636700 
138710561152736 17.573753 -8.379876 4.603603 
138710580990966 18.418770 -5.870440 3.988139 
138710600893570 17.545593 -3.869102 3.307638 
138710620851486 16.855219 -2.217600 3.167192 
138710640848778 15.613125 -1.692832 3.764699 
138710660863466 15.521588 -1.156743 4.651352 
138710680786591 16.713747 -0.650609 5.641388 
138710700665757 17.670975 -0.083597 6.442543 
138710720544924 18.669497 0.389597 6.480004 
138710740424091 20.732914 0.536220 6.330822 
138710760303257 22.696308 -0.019562 6.251435 
138710780182424 22.843113 -2.053325 5.685120 
138710800061591 21.108570 -3.617518 5.069843 
138710819940757 18.987732 -3.527657 4.829746 
138710839819924 17.206264 -2.923231 4.379911 
138710859699091 15.619411 -3.022310 3.803934 
138710879578257 13.729110 -4.043941 3.050748 
138710899457424 11.832132 -6.140138 2.839245 
138710919336591 9.961400 -8.639449 3.308730 
138710939215757 9.052233 -11.762496 3.988881 
138710959094924 9.980552 -15.666826 4.131001 
138710978974091 10.460352 -18.881241 3.652130 
138710998853257 10.471655 -21.432646 4.109555 
138711018702372 11.097169 -22.705452 2.756742 
138711038514351 11.632371 -22.920479 2.397830 
138711058345080 2.422702 -24.765236 2.360296 
138711078201330 -0.373827 -22.163815 2.693190 
138711098084403 4.404881 -18.825937 0.551150 
138711117991434 -0.057195 -19.303438 0.120737 
138711137916955 -4.359769 -18.174137 0.345506 
138711157851851 -7.620469 -17.018032 0.337329 
138711177766174 -8.427396 -15.560515 1.353089 
138711197645341 -8.026983 -14.325666 2.020738 
138711217524507 -7.482718 -13.513825 1.571285 
138711237403674 -7.597519 -13.720703 1.409862 
138711257282841 -8.636555 -14.365776 1.928887 
138711277162007 -10.161264 -15.023087 2.472707 
138711297041174 -11.276395 -15.319733 2.689050 
138711316920341 -13.315187 -15.063664 2.129989 
138711336799507 -15.674093 -14.573922 1.133530 
138711356678674 -16.565279 -14.412756 0.622647 
138711376557841 -16.809475 -14.329908 0.534745 
138711396437007 -17.152100 -14.009542 0.825799 
138711416316174 -16.602959 -13.893008 1.565503 
138711436195341 -14.370691 -13.763105 2.252008 
138711456074507 -10.951119 -13.230548 2.113257 
138711475953674 -7.384972 -12.953485 0.973532 
138711495832841 -4.553900 -13.124957 -0.608394 
138711515712007 -2.427076 -13.768078 -1.488458 
138711535591174 -0.775166 -14.527924 -1.590216 
138711555470341 -0.009825 -15.622530 -1.317787 
138711575349507 0.744747 -17.104128 -1.060507 
138711595228674 1.220141 -18.696571 -0.731044 
138711615107841 1.540091 -19.788921 -0.439688 
138711634987007 2.935541 -20.323353 0.174717 
138711654866174 5.533916 -20.064999 1.395991 
138711674745341 8.841496 -18.951048 2.364342 
138711694624507 11.537827 -16.803394 2.370398 
138711714503674 13.026934 -14.931592 2.557614 
138711734382841 14.129061 -13.189667 5.475627 
138711754262007 15.135942 -11.054496 9.764414 
138711774141174 15.743390 -8.078680 12.560642 
138711794020341 15.416696 -5.594291 12.041739 
138711813899507 14.631260 -3.726145 9.940174 
138711833778674 13.509394 -2.406890 8.798923 
138711853657841 12.566161 -1.563294 7.351521 
138711873537007 12.603526 -1.018663 5.578610 
138711893416174 12.740083 -0.633474 4.594711 
138711913295341 13.123167 -0.351606 4.550073 
138711933174507 13.955851 -0.450126 5.433225 
138711953053674 15.245804 -1.307461 7.052403 
138711972932841 16.298267 -2.167953 8.336112 
138711992812007 16.498009 -2.067183 9.368834 
138712012691486 15.747169 -1.332072 9.780884 
138712032571851 14.386129 -0.654933 9.875959 
138712052451018 12.563532 -0.330975 8.910294 
138712072330184 10.604291 -1.119758 6.659934 
138712092209351 9.264624 -2.696395 4.800912 
138712112088518 9.772068 -4.067945 3.759438 
138712131967684 12.303774 -5.438510 2.686563 
138712151846851 14.786529 -8.029218 2.056310 
138712171726018 15.016910 -11.509893 2.324198 
138712191605184 13.680328 -15.268303 2.858685 
138712211484351 11.097424 -18.352962 3.977846 
138712231363518 9.113933 -20.151457 5.453423 
138712251242684 7.730503 -21.246195 5.844072 
138712271121851 6.149116 -22.122665 5.061544 
138712291001018 3.365993 -22.334158 3.589939 
138712310880184 0.897205 -21.801918 2.129926 
138712330759351 -1.684062 -20.918926 1.672082 
138712350638518 -3.468694 -19.850269 1.744310 
138712370517684 -4.537041 -18.595253 2.264979 
138712390396851 -5.062600 -17.501701 3.087977 
138712410276018 -6.393539 -16.746845 3.624058 
138712430155184 -7.052627 -15.856707 3.696127 
138712450034351 -7.268601 -15.288174 3.853045 
138712469913518 -8.763502 -15.171766 4.048689 
138712489792684 -10.831676 -14.904743 3.823483 
138712509671851 -12.839482 -14.643506 3.741867 
138712529351382 -15.683476 -14.525939 4.292186 
138712549066278 -19.049326 -15.093693 4.450253 
138712568849716 -22.311201 -16.301098 4.312348 
138712588710966 -23.717115 -17.813116 4.392900 
138712608647007 -23.392525 -18.507830 5.359850 
138712628643049 -17.694084 -19.177784 5.529756 
138712648676903 -9.337879 -18.772785 5.006203 
138712668693257 -1.789786 -17.286974 3.318208 
138712688586382 2.287283 -14.783272 1.091972 
138712708465549 3.088516 -14.303063 -1.729157 
138712728344716 0.823067 -14.418503 -2.975274 
138712748223882 -0.119886 -15.990026 -2.559980 
138712768103049 -0.307385 -18.305277 -1.282443 
138712787982216 0.495373 -20.171515 0.065964 
138712807861382 2.591442 -20.835459 1.522772 
138712827740549 5.350786 -20.351389 2.919240 
138712847619716 7.774759 -19.481667 3.591609 
138712867498882 9.353370 -18.197874 3.908839 
138712887378049 9.790926 -16.421453 3.121223 
138712907257216 12.354280 -14.123519 2.497490 
138712927136382 16.146730 -11.184459 4.329915 
138712947015549 17.527534 -8.043479 7.596528 
138712966894716 14.632079 -6.328397 8.883718 
138712986773882 10.747543 -5.789096 7.986497 
138713006653049 9.730425 -5.486852 6.712648 
138713026533726 11.606132 -5.177793 6.567123 
138713046412893 14.580249 -4.500720 7.378047 
138713066292059 17.275335 -3.260549 8.576946 
138713086171226 19.154535 -1.833119 9.637922 
138713106050393 20.257355 -0.611340 9.256855 
138713125929559 21.735048 -0.255473 9.177717 
138713145808726 23.205465 -0.749372 9.714247 
138713165687893 23.312189 -0.645375 9.849250 
138713185567059 21.373999 -0.241872 10.009083 
138713205446226 18.638117 -0.826872 11.262544 
138713225325393 15.598346 -2.426330 12.203192 
138713245204559 12.496813 -4.333735 10.407480 
138713265083726 10.888563 -5.946543 7.490757 
138713284962893 11.923253 -7.529598 5.557793 
138713304842059 13.415576 -10.160658 4.709408 
138713324721226 13.646854 -14.157564 4.159093 
138713344600393 12.937592 -18.390572 3.673159 
138713364479559 10.844166 -21.300350 3.955569 
138713384358726 8.971542 -22.706493 5.014296 
138713404237893 7.022127 -22.858086 4.676394 
138713424117059 6.377944 -22.693005 4.274206 
138713443996226 6.837800 -22.610558 2.979008 
138713463875393 5.077123 -22.870869 1.970501 
138713483754559 1.495384 -22.551430 1.417090 
138713503633726 -1.124676 -21.605022 0.868121 
138713523513570 -2.938217 -20.472065 0.752262 
138713543393778 -4.264522 -19.353268 0.915675 
138713563273986 -5.210993 -18.400747 0.846268 
138713583153153 -6.081989 -17.684208 0.488898 
138713603032320 -7.514301 -16.939322 -0.040559 
138713622911486 -9.553791 -16.458168 -0.833600 
138713642790653 -11.545228 -16.448391 -1.098888 
138713662669820 -15.273366 -16.886784 -1.251763 
138713682548986 -22.025391 -17.431107 -0.580568 
138713702428153 -26.625952 -18.267256 -0.105122 
138713722307320 -25.096567 -19.051609 -0.013725 
138713742186486 -20.096031 -19.623343 -1.647142 
138713762065653 -16.045671 -19.872675 -2.984859 
138713781944820 -12.965416 -20.271486 -1.836396 
138713801823986 -9.855794 -20.889236 0.484718 
138713821703153 -6.452335 -20.852634 1.817510 
138713841582320 -2.697442 -20.154921 1.639421 
138713861461486 0.465731 -19.440744 0.333709 
138713881340653 2.606584 -19.148209 -0.833717 
138713901219820 5.255166 -19.886602 -1.061571 
138713921098986 6.492866 -20.147514 -0.483798 
138713940978153 7.158635 -21.162422 -0.016813 
138713960857320 7.370198 -22.037119 0.995972 
138713980736486 7.658138 -21.982437 3.117887 
138714000615653 8.838528 -20.706512 5.501518 
138714020496903 10.612509 -18.374540 7.521656 
138714040376695 12.169217 -15.365962 9.208510 
138714060255861 12.732843 -12.243984 10.525348 
138714080135028 12.857498 -9.511636 10.509125 
138714100014195 12.936843 -7.434114 9.431459 
138714119893361 13.168017 -5.832373 8.549551 
138714139772528 13.473795 -4.127452 8.247412 
138714159651695 13.626737 -2.506046 8.243974 
138714179530861 13.477360 -1.206401 7.664236 
138714199410028 12.082437 -0.703022 6.398685 
138714219289195 10.717703 -0.438138 5.322147 
138714239168361 11.007819 0.166602 5.431244 
138714259047528 12.647330 0.982777 6.648338 
138714278926695 14.403204 1.673839 7.609097 
138714298805861 15.981663 1.616568 7.700215 
138714318685028 17.668608 0.534272 7.683403 
138714338564195 18.634560 -0.207485 8.233967 
138714358443361 19.040741 -0.224814 9.985167 
138714378322528 18.302423 0.349686 11.121872 
138714398201695 16.281328 0.661706 10.200539 
138714418080861 13.094569 0.410591 7.996561 
138714437960028 10.703782 -0.150758 6.079642 
138714457839195 9.379086 -1.714959 4.360639 
138714477718361 9.233491 -4.065681 3.255152 
138714497597528 10.796132 -6.325141 2.974873 
138714517478882 13.338015 -9.264778 3.191447 
138714537359924 14.508398 -12.868134 4.514129 
138714557239091 13.731390 -16.652782 6.366011 
138714577118257 11.688877 -19.678606 7.031384 
138714596997424 10.979746 -21.939056 5.930280 
138714616876591 11.800953 -24.021011 6.304976 
138714636755757 12.480420 -26.185200 5.833264 
138714656634924 10.562214 -28.048302 3.357471 
138714676514091 6.611037 -28.962221 0.211998 
138714696393257 2.569960 -28.170479 -1.982343 
138714716272424 -0.008490 -26.371563 -3.479468 
138714736151591 -1.443541 -24.089813 -4.722196 
138714756030757 -2.402755 -21.840380 -6.432991 
138714775909924 -3.729795 -19.785166 -7.875114 
138714795789091 -4.632028 -17.762386 -9.757065 
138714815668257 -4.360458 -15.317789 -11.023743 
138714835547424 -3.761181 -13.105064 -10.773849 
138714855426591 -3.193056 -11.487381 -9.308529 
138714875305757 -2.967150 -9.614276 -7.650456 
138714895184924 -2.917422 -8.011662 -7.123601 
138714915064091 -1.966853 -6.586916 -7.056301 
138714934943257 -0.987673 -5.000898 -6.413895 
138714954822424 -1.190662 -3.570297 -5.395983 
138714974701591 -1.203559 -2.584252 -4.861755 
138714994580757 -0.649240 -1.795390 -4.815066 
138715014460966 0.406934 -0.954017 -5.318565 
138715034343518 0.599088 0.389685 -4.349106 
138715054222684 1.171474 0.496418 -2.036884 
138715074101851 1.740230 -0.753788 -0.454660 
138715093981018 1.048407 -0.672689 0.698945 
138715113860184 0.686151 -0.605240 1.134265 
138715133739351 1.942791 -0.268139 0.929061 
138715153618518 3.031608 -0.103283 0.586955 
138715173497684 2.304888 0.214569 0.462194 
138715193376851 1.802528 0.325448 0.177076 
138715213256018 1.407573 0.390930 0.290070 
138715233135184 0.539451 0.574321 0.299067 
138715253014351 0.532312 0.951530 0.663730 
138715272893518 1.094687 0.642756 0.705594 
138715292772684 0.742758 0.500859 0.553338 
138715312651851 1.259370 0.407238 0.773900 
138715332531018 2.243422 0.412860 1.173157 
138715352410184 1.850859 0.167804 0.589774 
138715372289351 0.532076 -0.265547 -0.562023 
138715392168518 -0.806729 0.073170 -0.667199 
138715412047684 -0.309417 -0.273213 -0.909677 
138715431926851 -0.324852 0.190803 -1.629041 
138715451806018 -0.562126 0.292675 -1.679986 
138715471685184 -0.353009 0.233264 -1.028220 
138715491564351 -0.724016 0.081931 -0.076362 
138715511443934 -0.791699 0.383685 -0.314604 
138715531327476 0.529689 0.753053 -0.472915 
