# Created at Thu Dec 04 21:57:27 GMT+08:00 2025 in Burnaby Canada 
138703952614583 -71.699997 34.980000 13.320000 
138703972614583 -71.699997 34.980000 13.320000 
138703992614583 -71.699997 34.980000 13.320000 
138704012614583 -71.699997 34.980000 13.320000 
138704032614583 -71.699997 34.980000 13.320000 
138704052614583 -71.699997 34.980000 13.320000 
138704072614583 -71.699997 34.980000 13.320000 
138704092614583 -71.699997 34.980000 13.320000 
138704112614583 -71.699997 34.980000 13.320000 
138704132614583 -71.699997 34.980000 13.320000 
138704152614583 -71.699997 34.980000 13.320000 
138704172614583 -71.699997 34.980000 13.320000 
138704192614583 -71.699997 34.980000 13.320000 
138704212614583 -71.699997 34.980000 13.320000 
138704232614583 -71.699997 34.980000 13.320000 
138704252614583 -71.699997 34.980000 13.320000 
138704272614583 -71.699997 34.980000 13.320000 
138704292614583 -71.699997 34.980000 13.320000 
138704312614583 -71.699997 34.980000 13.320000 
138704332614583 -71.699997 34.980000 13.320000 
138704352614583 -71.699997 34.980000 13.320000 
138704372614583 -71.699997 34.980000 13.320000 
138704392614583 -71.699997 34.980000 13.320000 
138704412614583 -71.699997 34.980000 13.320000 
138704432614299 -71.699997 34.980000 13.320000 
138704452614611 -71.699997 34.980000 13.320000 
138704472614611 -71.699997 34.980000 13.320000 
138704492614611 -71.699997 34.980000 13.320000 
138704512614611 -71.699997 34.980000 13.320000 
138704532614611 -71.699997 34.980000 13.320000 
138704552614611 -71.699997 34.980000 13.320000 
138704572614611 -71.699997 34.980000 13.320000 
138704592614611 -71.699997 34.980000 13.320000 
138704612614611 -71.699997 34.980000 13.320000 
138704632614611 -71.699997 34.980000 13.320000 
138704652614611 -71.699997 34.980000 13.320000 
138704672614611 -71.699997 34.980000 13.320000 
138704692614611 -71.699997 34.980000 13.320000 
138704712614611 -71.699997 34.980000 13.320000 
138704732614611 -71.699997 34.980000 13.320000 
138704752614611 -71.699997 34.980000 13.320000 
138704772614611 -71.699997 34.980000 13.320000 
138704792614611 -71.699997 34.980000 13.320000 
138704812614611 -71.699997 34.980000 13.320000 
138704832614611 -71.699997 34.980000 13.320000 
138704852614611 -71.699997 34.980000 13.320000 
138704872614611 -71.699997 34.980000 13.320000 
138704892614611 -71.699997 34.980000 13.320000 
138704912614611 -71.699997 34.980000 13.320000 
138704932614611 -71.699997 34.980000 13.320000 
138704952614611 -71.699997 34.980000 13.320000 
138704972614611 -71.699997 34.980000 13.320000 
138704992614611 -71.699997 34.980000 13.320000 
138705012614611 -71.699997 34.980000 13.320000 
138705032614611 -71.699997 34.980000 13.320000 
138705052614611 -71.699997 34.980000 13.320000 
138705072614611 -71.699997 34.980000 13.320000 
138705092614611 -71.699997 34.980000 13.320000 
138705112614611 -71.699997 34.980000 13.320000 
138705132614611 -71.699997 34.980000 13.320000 
138705152614611 -71.580002 40.200001 17.400000 
138705172614611 -71.580002 40.200001 17.400000 
138705192614611 -71.339996 40.500000 17.400000 
138705212614611 -71.339996 40.500000 17.400000 
138705232614611 -71.339996 40.500000 17.400000 
138705252614611 -71.339996 40.500000 17.400000 
138705272614611 -72.180000 40.500000 17.100000 
138705292614611 -72.180000 40.500000 17.100000 
138705312614611 -72.180000 40.500000 17.100000 
138705332614611 -72.180000 40.500000 17.100000 
138705352614611 -71.939995 40.559998 15.960000 
138705372614611 -71.939995 40.559998 15.960000 
138705392614611 -71.939995 40.559998 15.960000 
138705412614611 -71.939995 40.559998 15.960000 
138705432614611 -72.180000 40.079998 16.440001 
138705452614611 -72.180000 40.079998 16.440001 
138705472614611 -72.180000 40.079998 16.440001 
138705492614611 -72.180000 40.079998 16.440001 
138705512614611 -72.479996 40.079998 16.559999 
138705532614611 -72.479996 40.079998 16.559999 
138705552614611 -73.260002 39.540001 16.500000 
138705572614611 -73.260002 39.540001 16.500000 
138705592614611 -73.139999 39.719997 16.500000 
138705612614611 -73.139999 39.719997 16.500000 
138705632614611 -73.139999 39.719997 16.500000 
138705652614611 -73.139999 39.719997 16.500000 
138705672614611 -72.959999 39.540001 16.980000 
138705692614611 -72.959999 39.540001 16.980000 
138705712614611 -73.019997 39.599998 17.459999 
138705732614611 -73.199997 39.059998 17.039999 
138705752614611 -73.199997 39.059998 17.039999 
138705772614611 -73.199997 39.059998 17.039999 
138705792614611 -73.199997 39.059998 17.039999 
138705812614611 -73.199997 39.059998 17.039999 
138705832614611 -73.379997 39.059998 17.039999 
138705852614611 -73.379997 39.059998 17.039999 
138705872614611 -73.439995 39.540001 17.279999 
138705892614611 -73.559998 39.779999 17.219999 
138705912614611 -73.559998 39.779999 17.219999 
138705932614611 -73.559998 39.779999 17.219999 
138705952614611 -73.559998 39.779999 17.219999 
138705972614611 -73.559998 39.779999 17.219999 
138705992614611 -73.559998 39.599998 17.039999 
138706012614611 -73.559998 39.599998 17.039999 
138706032614611 -73.559998 39.599998 17.039999 
138706052614611 -73.559998 39.599998 17.039999 
138706072614611 -73.080002 39.299999 17.459999 
138706092614611 -73.080002 39.299999 17.459999 
138706112614611 -73.080002 39.299999 17.459999 
138706132614611 -73.080002 39.299999 17.459999 
138706152614611 -73.080002 39.299999 17.459999 
138706172614611 -73.080002 39.299999 17.459999 
138706192614611 -73.080002 39.299999 17.459999 
138706212614611 -73.080002 39.299999 17.459999 
138706232614611 -73.080002 39.299999 17.459999 
138706252614611 -73.080002 39.299999 17.459999 
138706272614611 -73.080002 39.299999 17.459999 
138706292614611 -73.080002 39.299999 17.459999 
138706312614611 -73.080002 39.299999 17.459999 
138706332614611 -73.080002 39.299999 17.459999 
138706352614611 -73.080002 39.299999 17.459999 
138706372614611 -73.080002 39.299999 17.459999 
138706392614611 -73.320000 39.119999 17.940001 
138706412614611 -73.320000 39.119999 17.940001 
138706432614611 -73.320000 39.119999 17.940001 
138706452614611 -73.320000 39.119999 17.940001 
138706472614611 -73.139999 39.180000 18.000000 
138706492614611 -73.139999 39.180000 18.000000 
138706512614611 -73.139999 39.180000 18.000000 
138706532614611 -73.139999 39.180000 18.000000 
138706552614611 -73.139999 39.180000 18.000000 
138706572614611 -73.139999 39.180000 18.000000 
138706592614611 -73.139999 39.180000 18.000000 
138706612614611 -73.139999 39.180000 18.000000 
138706632614611 -73.139999 39.180000 18.000000 
138706652614611 -73.139999 39.180000 18.000000 
138706672614611 -73.139999 39.180000 18.000000 
138706692614611 -73.139999 39.180000 18.000000 
138706712614611 -73.139999 39.180000 18.000000 
138706732614611 -73.139999 39.180000 18.000000 
138706752614611 -73.139999 39.180000 18.000000 
138706772614611 -73.139999 39.180000 18.000000 
138706792614611 -73.139999 39.180000 18.000000 
138706812614611 -73.139999 39.180000 18.000000 
138706832614611 -73.139999 39.180000 18.000000 
138706852614611 -73.139999 39.180000 18.000000 
138706872614611 -73.199997 38.160000 18.420000 
138706892614611 -73.199997 38.160000 18.420000 
138706912614611 -73.199997 38.160000 18.420000 
138706932614611 -73.199997 38.160000 18.420000 
138706952614611 -73.199997 38.160000 18.420000 
138706972614611 -73.199997 38.160000 18.420000 
138706992614611 -73.199997 38.160000 18.420000 
138707012614611 -73.199997 38.160000 18.420000 
138707032614611 -72.900002 37.980000 18.480000 
138707052614611 -72.900002 37.980000 18.480000 
138707072614611 -72.900002 37.980000 18.480000 
138707092614611 -72.900002 37.980000 18.480000 
138707112614611 -72.900002 37.980000 18.480000 
138707132614611 -72.900002 37.980000 18.480000 
138707152614611 -72.900002 37.980000 18.480000 
138707172614611 -72.900002 37.980000 18.480000 
138707192614611 -72.900002 37.980000 18.480000 
138707212614611 -72.900002 37.980000 18.480000 
138707232614611 -72.959999 37.680000 18.420000 
138707252614611 -72.959999 37.680000 18.420000 
138707272614611 -72.959999 37.680000 18.420000 
138707292614611 -73.139999 37.799999 18.600000 
138707312614611 -73.139999 37.799999 18.600000 
138707332614611 -73.139999 37.799999 18.600000 
138707352614611 -73.439995 37.619999 18.779999 
138707372614611 -73.439995 37.619999 18.779999 
138707392614611 -73.260002 37.559998 18.840000 
138707412614611 -73.260002 37.559998 18.840000 
138707432614611 -73.260002 37.559998 18.840000 
138707452614611 -73.260002 37.559998 18.840000 
138707472614611 -73.260002 37.559998 18.840000 
138707492614611 -73.260002 37.559998 18.840000 
138707512614611 -73.260002 37.559998 18.840000 
138707532614611 -73.260002 37.559998 18.840000 
138707552614611 -73.619995 37.860001 19.320000 
138707572614611 -73.619995 37.860001 19.320000 
138707592614611 -73.619995 37.860001 19.320000 
138707612614611 -73.619995 37.860001 19.320000 
138707632614611 -73.619995 37.860001 19.320000 
138707652614611 -73.619995 37.860001 19.320000 
138707672614611 -73.559998 38.040001 19.260000 
138707692614611 -73.559998 38.040001 19.260000 
138707712614611 -73.559998 38.040001 19.260000 
138707732614611 -73.559998 38.040001 19.260000 
138707752614611 -73.559998 38.040001 19.260000 
138707772614611 -73.559998 38.040001 19.260000 
138707792614611 -73.559998 38.040001 19.260000 
138707812614611 -73.559998 38.040001 19.260000 
138707832614611 -73.559998 38.040001 19.260000 
138707852614611 -73.559998 38.040001 19.260000 
138707872614611 -73.559998 38.040001 19.260000 
138707892614611 -73.559998 38.040001 19.260000 
138707912614611 -73.860001 38.160000 19.199999 
138707932614611 -73.860001 38.160000 19.199999 
138707952614611 -73.739998 38.399998 19.500000 
138707972614611 -73.739998 38.399998 19.500000 
138707992614611 -73.739998 38.399998 19.500000 
138708012614611 -73.739998 38.399998 19.500000 
138708032614611 -73.739998 38.399998 19.500000 
138708052614611 -73.739998 38.399998 19.500000 
138708072614611 -73.860001 38.219997 19.619999 
138708092614611 -74.040001 37.559998 20.580000 
138708112614611 -74.040001 37.559998 20.580000 
138708132614611 -74.040001 37.559998 20.580000 
138708152614611 -74.099998 37.739998 20.639999 
138708172614611 -74.099998 37.739998 20.639999 
138708192614611 -74.099998 37.739998 20.639999 
138708212614611 -74.099998 37.739998 20.639999 
138708232614611 -74.040001 37.559998 20.820000 
138708252614611 -74.040001 37.559998 20.820000 
138708272614611 -74.040001 37.559998 20.820000 
138708292614611 -74.040001 37.559998 20.820000 
138708312614611 -74.040001 37.559998 20.820000 
138708332614611 -74.040001 37.559998 20.820000 
138708352614611 -74.040001 37.559998 20.820000 
138708372614611 -74.040001 37.559998 20.820000 
138708392614611 -74.040001 37.559998 20.820000 
138708412614611 -74.040001 37.559998 20.820000 
138708432614611 -74.040001 37.559998 20.820000 
138708452614611 -74.040001 37.559998 20.820000 
138708472614611 -74.040001 37.559998 20.820000 
138708492614611 -74.040001 37.559998 20.820000 
138708512614611 -73.739998 37.320000 20.939999 
138708532614611 -73.739998 37.320000 20.939999 
138708552614611 -73.739998 37.320000 20.939999 
138708572614611 -73.739998 37.320000 20.939999 
138708592614611 -73.379997 37.500000 20.939999 
138708612614611 -73.379997 37.500000 20.939999 
138708632614611 -73.379997 37.500000 20.939999 
138708652614611 -73.379997 37.500000 20.939999 
138708672614611 -73.260002 37.259998 21.000000 
138708692614611 -73.260002 37.259998 21.000000 
138708712614611 -73.379997 37.079998 21.059999 
138708732614611 -73.379997 37.079998 21.059999 
138708752614611 -73.379997 37.079998 21.059999 
138708772614611 -73.379997 37.079998 21.059999 
138708792614611 -73.379997 37.079998 21.059999 
138708812614611 -73.379997 37.079998 21.059999 
138708832614611 -73.379997 37.559998 21.840000 
138708852614611 -73.379997 37.559998 21.840000 
138708872614611 -73.379997 37.559998 21.840000 
138708892614611 -73.379997 37.559998 21.840000 
138708912614611 -73.019997 37.500000 21.779999 
138708932614611 -73.019997 37.500000 21.779999 
138708952614611 -73.019997 37.500000 21.779999 
138708972614611 -73.019997 37.500000 21.779999 
138708992614611 -73.019997 37.500000 21.779999 
138709012614611 -73.019997 37.500000 21.779999 
138709032614611 -73.019997 37.500000 21.779999 
138709052614611 -73.019997 37.500000 21.779999 
138709072614611 -73.019997 37.500000 21.779999 
138709092614611 -73.019997 37.500000 21.779999 
138709112614611 -72.900002 36.899998 21.359999 
138709132614611 -72.900002 36.899998 21.359999 
138709152614611 -72.900002 36.899998 21.359999 
138709172614611 -72.900002 36.899998 21.359999 
138709192614611 -73.019997 36.419998 21.480000 
138709212614611 -73.019997 36.419998 21.480000 
138709232614611 -72.900002 36.660000 21.900000 
138709252614611 -72.900002 36.660000 21.900000 
138709272614611 -72.900002 36.660000 21.900000 
138709292614611 -72.900002 36.660000 21.900000 
138709312614611 -72.900002 36.660000 21.900000 
138709332614611 -72.900002 36.660000 21.900000 
138709352614611 -72.900002 36.660000 21.900000 
138709372614611 -72.900002 36.660000 21.900000 
138709392614611 -72.900002 36.660000 21.900000 
138709412614611 -72.900002 36.660000 21.900000 
138709432614611 -72.900002 36.660000 21.900000 
138709452614611 -72.900002 36.660000 21.900000 
138709472614611 -72.900002 36.660000 21.900000 
138709492614611 -72.900002 36.660000 21.900000 
138709512614611 -72.900002 36.660000 21.900000 
138709532614611 -72.900002 36.660000 21.900000 
138709552614611 -72.900002 36.660000 21.900000 
138709572614611 -72.900002 36.660000 21.900000 
138709592614611 -72.900002 36.660000 21.900000 
138709612614611 -72.900002 36.660000 21.900000 
138709632614611 -72.900002 36.660000 21.900000 
138709652614611 -72.900002 36.660000 21.900000 
138709672614611 -72.900002 36.660000 21.900000 
138709692614611 -72.900002 36.660000 21.900000 
138709712614611 -72.900002 36.660000 21.900000 
138709732614611 -72.900002 36.660000 21.900000 
138709752614611 -72.900002 36.660000 21.900000 
138709772614611 -72.900002 36.660000 21.900000 
138709792614611 -72.900002 36.660000 21.900000 
138709812614611 -72.900002 36.660000 21.900000 
138709832614611 -72.900002 36.660000 21.900000 
138709852614611 -72.900002 36.660000 21.900000 
138709872614611 -72.900002 36.660000 21.900000 
138709892614611 -72.900002 36.660000 21.900000 
138709912614611 -72.900002 36.660000 21.900000 
138709932614611 -72.900002 36.660000 21.900000 
138709952614611 -72.900002 36.660000 21.900000 
138709972614611 -72.900002 36.660000 21.900000 
138709992614611 -72.900002 36.660000 21.900000 
138710012614611 -72.900002 36.660000 21.900000 
138710032614611 -72.900002 36.660000 21.900000 
138710052614611 -72.900002 36.660000 21.900000 
138710072614611 -72.900002 36.660000 21.900000 
138710092614611 -72.900002 36.660000 21.900000 
138710112614611 -72.900002 36.660000 21.900000 
138710132614611 -72.900002 36.660000 21.900000 
138710152614611 -72.900002 36.660000 21.900000 
138710172614611 -72.900002 36.660000 21.900000 
138710192614611 -72.900002 36.660000 21.900000 
138710212614611 -72.900002 36.660000 21.900000 
138710232614611 -72.900002 36.660000 21.900000 
138710252614611 -72.900002 36.660000 21.900000 
138710272614611 -72.900002 36.660000 21.900000 
138710292614611 -72.900002 36.660000 21.900000 
138710312614611 -72.900002 36.660000 21.900000 
138710332614611 -72.900002 36.660000 21.900000 
138710352614611 -72.900002 36.660000 21.900000 
138710372614611 -72.900002 36.660000 21.900000 
138710392614611 -72.900002 36.660000 21.900000 
138710412614611 -72.900002 36.660000 21.900000 
138710432614611 -72.900002 36.660000 21.900000 
138710452614611 -72.900002 36.660000 21.900000 
138710472614611 -72.900002 36.660000 21.900000 
138710492614611 -72.900002 36.660000 21.900000 
138710512614611 -72.900002 36.660000 21.900000 
138710532614611 -72.900002 36.660000 21.900000 
138710552614611 -72.900002 36.660000 21.900000 
138710572614611 -72.900002 36.660000 21.900000 
138710592614611 -72.900002 36.660000 21.900000 
138710612614611 -72.900002 36.660000 21.900000 
138710632614611 -72.900002 36.660000 21.900000 
138710652614611 -72.900002 36.660000 21.900000 
138710672614611 -72.900002 36.660000 21.900000 
138710692614611 -72.900002 36.660000 21.900000 
138710712614611 -72.900002 36.660000 21.900000 
138710732614611 -72.900002 36.660000 21.900000 
138710752614611 -72.900002 36.660000 21.900000 
138710772614611 -72.900002 36.660000 21.900000 
138710792614611 -72.900002 36.660000 21.900000 
138710812614611 -72.900002 36.660000 21.900000 
138710832614611 -72.900002 36.660000 21.900000 
138710852614611 -72.900002 36.660000 21.900000 
138710872614611 -72.900002 36.660000 21.900000 
138710892614611 -72.900002 36.660000 21.900000 
138710912614611 -72.900002 36.660000 21.900000 
138710932614611 -72.900002 36.660000 21.900000 
138710952614611 -72.900002 36.660000 21.900000 
138710972614611 -72.900002 36.660000 21.900000 
138710992614611 -72.900002 36.660000 21.900000 
138711012614611 -72.900002 36.660000 21.900000 
138711032614611 -72.900002 36.660000 21.900000 
138711052614611 -72.900002 36.660000 21.900000 
138711072614611 -72.900002 36.660000 21.900000 
138711092614611 -72.900002 36.660000 21.900000 
138711112614611 -72.900002 36.660000 21.900000 
138711132614611 -72.900002 36.660000 21.900000 
138711152614611 -72.900002 36.660000 21.900000 
138711172614611 -72.900002 36.660000 21.900000 
138711192614611 -72.900002 36.660000 21.900000 
138711212614611 -72.900002 36.660000 21.900000 
138711232614611 -72.900002 36.660000 21.900000 
138711252614611 -72.900002 36.660000 21.900000 
138711272614611 -72.900002 36.660000 21.900000 
138711292614611 -72.900002 36.660000 21.900000 
138711312614611 -72.900002 36.660000 21.900000 
138711332614611 -72.900002 36.660000 21.900000 
138711352614611 -72.900002 36.660000 21.900000 
138711372614611 -72.900002 36.660000 21.900000 
138711392614611 -72.900002 36.660000 21.900000 
138711412614611 -72.900002 36.660000 21.900000 
138711432614611 -72.900002 36.660000 21.900000 
138711452614611 -72.900002 36.660000 21.900000 
138711472614611 -72.900002 36.660000 21.900000 
138711492614611 -72.900002 36.660000 21.900000 
138711512614611 -72.900002 36.660000 21.900000 
138711532614611 -72.900002 36.660000 21.900000 
138711552614611 -72.900002 36.660000 21.900000 
138711572614611 -72.900002 36.660000 21.900000 
138711592614611 -72.900002 36.660000 21.900000 
138711612614611 -72.900002 36.660000 21.900000 
138711632614611 -72.900002 36.660000 21.900000 
138711652614611 -72.900002 36.660000 21.900000 
138711672614611 -72.900002 36.660000 21.900000 
138711692614611 -72.900002 36.660000 21.900000 
138711712614611 -72.900002 36.660000 21.900000 
138711732614611 -72.900002 36.660000 21.900000 
138711752614611 -72.900002 36.660000 21.900000 
138711772614611 -72.900002 36.660000 21.900000 
138711792614611 -72.900002 36.660000 21.900000 
138711812614611 -72.900002 36.660000 21.900000 
138711832614611 -72.900002 36.660000 21.900000 
138711852614611 -72.900002 36.660000 21.900000 
138711872614611 -72.900002 36.660000 21.900000 
138711892614611 -72.900002 36.660000 21.900000 
138711912614611 -72.900002 36.660000 21.900000 
138711932614611 -72.900002 36.660000 21.900000 
138711952614611 -72.900002 36.660000 21.900000 
138711972614611 -72.900002 36.660000 21.900000 
138711992614611 -72.900002 36.660000 21.900000 
138712012614611 -72.900002 36.660000 21.900000 
138712032614611 -72.900002 36.660000 21.900000 
138712052614611 -72.900002 36.660000 21.900000 
138712072614611 -72.900002 36.660000 21.900000 
138712092614611 -72.900002 36.660000 21.900000 
138712112614611 -72.900002 36.660000 21.900000 
138712132614611 -72.900002 36.660000 21.900000 
138712152614611 -72.900002 36.660000 21.900000 
138712172614611 -72.900002 36.660000 21.900000 
138712192614611 -72.900002 36.660000 21.900000 
138712212614611 -72.900002 36.660000 21.900000 
138712232614611 -72.900002 36.660000 21.900000 
138712252614611 -72.900002 36.660000 21.900000 
138712272614611 -72.900002 36.660000 21.900000 
138712292614611 -72.900002 36.660000 21.900000 
138712312614611 -72.900002 36.660000 21.900000 
138712332614611 -72.900002 36.660000 21.900000 
138712352614611 -72.900002 36.660000 21.900000 
138712372614611 -72.900002 36.660000 21.900000 
138712392614611 -72.900002 36.660000 21.900000 
138712412614611 -72.900002 36.660000 21.900000 
138712432614611 -72.900002 36.660000 21.900000 
138712452614611 -72.900002 36.660000 21.900000 
138712472614611 -72.900002 36.660000 21.900000 
138712492614611 -72.900002 36.660000 21.900000 
138712512614611 -72.900002 36.660000 21.900000 
138712532614611 -72.900002 36.660000 21.900000 
138712552614611 -72.900002 36.660000 21.900000 
138712572614611 -72.900002 36.660000 21.900000 
138712592614611 -72.900002 36.660000 21.900000 
138712612614611 -72.900002 36.660000 21.900000 
138712632614611 -72.900002 36.660000 21.900000 
138712652614611 -72.900002 36.660000 21.900000 
138712672614611 -72.900002 36.660000 21.900000 
138712692614611 -72.900002 36.660000 21.900000 
138712712614611 -72.900002 36.660000 21.900000 
138712732614611 -72.900002 36.660000 21.900000 
138712752614611 -72.900002 36.660000 21.900000 
138712772614611 -72.900002 36.660000 21.900000 
138712792614611 -72.900002 36.660000 21.900000 
138712812614611 -72.900002 36.660000 21.900000 
138712832614611 -72.900002 36.660000 21.900000 
138712852614611 -72.900002 36.660000 21.900000 
138712872614611 -72.900002 36.660000 21.900000 
138712892614611 -72.900002 36.660000 21.900000 
138712912614611 -72.900002 36.660000 21.900000 
138712932614611 -72.900002 36.660000 21.900000 
138712952614611 -72.900002 36.660000 21.900000 
138712972614611 -72.900002 36.660000 21.900000 
138712992614611 -72.900002 36.660000 21.900000 
138713012614611 -72.900002 36.660000 21.900000 
138713032614611 -72.900002 36.660000 21.900000 
138713052614611 -72.900002 36.660000 21.900000 
138713072614611 -72.900002 36.660000 21.900000 
138713092614611 -72.900002 36.660000 21.900000 
138713112614611 -72.900002 36.660000 21.900000 
138713132614611 -72.900002 36.660000 21.900000 
138713152614611 -72.900002 36.660000 21.900000 
138713172614611 -72.900002 36.660000 21.900000 
138713192614611 -72.900002 36.660000 21.900000 
138713212614611 -72.900002 36.660000 21.900000 
138713232614611 -72.900002 36.660000 21.900000 
138713252614611 -72.900002 36.660000 21.900000 
138713272614611 -72.900002 36.660000 21.900000 
138713292614611 -72.900002 36.660000 21.900000 
138713312614611 -72.900002 36.660000 21.900000 
138713332614611 -72.900002 36.660000 21.900000 
138713352614611 -72.900002 36.660000 21.900000 
138713372614611 -72.900002 36.660000 21.900000 
138713392614611 -73.260002 37.680000 18.959999 
138713412614611 -73.260002 37.680000 18.959999 
138713432614611 -73.080002 38.160000 18.900000 
138713452614611 -73.080002 38.160000 18.900000 
138713472614611 -73.199997 37.619999 17.520000 
138713492614611 -73.199997 37.619999 17.520000 
138713512614611 -73.199997 37.619999 17.520000 
138713532614611 -73.199997 37.619999 17.520000 
138713552614611 -73.199997 37.619999 17.520000 
138713572614611 -73.199997 37.619999 17.520000 
138713592614611 -73.320000 37.439999 17.760000 
138713612614611 -73.320000 37.439999 17.760000 
138713632614611 -73.320000 37.439999 17.760000 
138713652614611 -73.320000 37.439999 17.760000 
138713672614611 -73.139999 37.320000 17.940001 
138713692614611 -73.139999 37.320000 17.940001 
138713712614611 -73.139999 37.320000 17.940001 
138713732614611 -73.139999 37.320000 17.940001 
138713752614611 -73.139999 37.320000 17.940001 
138713772614611 -73.139999 37.320000 17.940001 
138713792614611 -73.139999 37.320000 17.940001 
138713812614611 -73.139999 37.320000 17.940001 
138713832614611 -73.139999 37.320000 17.940001 
138713852614611 -73.139999 37.320000 17.940001 
138713872614611 -73.320000 37.799999 18.539999 
138713892614611 -73.320000 37.799999 18.539999 
138713912614611 -73.199997 37.860001 18.119999 
138713932614611 -73.199997 37.860001 18.119999 
138713952614611 -73.019997 37.919998 18.180000 
138713972614611 -73.019997 37.919998 18.180000 
138713992614611 -73.019997 37.919998 18.180000 
138714012614611 -73.019997 37.919998 18.180000 
138714032614611 -72.720001 37.739998 17.100000 
138714052614611 -72.720001 37.739998 17.100000 
138714072614611 -72.599998 37.799999 16.920000 
138714092614611 -72.599998 37.799999 16.920000 
138714112614611 -72.599998 37.799999 16.920000 
138714132614611 -72.599998 37.799999 16.920000 
138714152614611 -72.599998 37.739998 17.219999 
138714172614611 -72.599998 37.739998 17.219999 
138714192614611 -72.599998 37.739998 17.219999 
138714212614611 -72.599998 37.739998 17.219999 
138714232614611 -72.599998 37.739998 17.219999 
138714252614611 -72.599998 37.739998 17.219999 
138714272614611 -72.720001 37.619999 17.580000 
138714292614611 -72.720001 37.619999 17.580000 
138714312614611 -72.720001 37.619999 17.580000 
138714332614611 -72.720001 37.619999 17.580000 
138714352614611 -72.720001 37.619999 17.580000 
138714372614611 -72.720001 37.619999 17.580000 
138714392614611 -72.720001 37.619999 17.580000 
138714412614611 -72.720001 37.619999 17.580000 
138714432614611 -72.720001 37.619999 17.580000 
138714452614611 -72.720001 37.619999 17.580000 
138714472614611 -72.720001 37.619999 17.580000 
138714492614611 -72.720001 37.619999 17.580000 
138714512614611 -72.540001 37.919998 18.660000 
138714532614611 -72.540001 37.919998 18.660000 
138714552614611 -72.540001 37.919998 18.660000 
138714572614611 -72.540001 37.919998 18.660000 
138714592614611 -72.540001 37.919998 18.660000 
138714612614611 -72.540001 37.919998 18.660000 
138714632614611 -72.360001 37.980000 18.299999 
138714652614611 -72.360001 37.980000 18.299999 
138714672614611 -72.360001 37.980000 18.299999 
138714692614611 -72.360001 37.980000 18.299999 
138714712614611 -72.839996 38.340000 20.160000 
138714732614611 -72.839996 38.340000 20.160000 
138714752614611 -72.959999 38.639999 20.520000 
138714772614611 -72.959999 38.639999 20.520000 
138714792614611 -73.139999 38.939999 21.059999 
138714812614611 -73.139999 38.939999 21.059999 
138714832614611 -72.659996 38.759998 20.520000 
138714852614611 -72.659996 38.759998 20.520000 
138714872614611 -72.659996 38.759998 20.520000 
138714892614611 -72.659996 38.759998 20.520000 
138714912614611 -72.419998 38.579998 19.980000 
138714932614611 -72.419998 38.579998 19.980000 
138714952614611 -72.419998 38.579998 19.980000 
138714972614611 -72.419998 38.579998 19.980000 
138714992614611 -72.419998 38.579998 19.980000 
138715012614611 -72.419998 38.579998 19.980000 
138715032614611 -72.419998 38.579998 19.980000 
138715052614611 -72.419998 38.579998 19.980000 
138715072614611 -72.659996 38.879997 21.119999 
138715092614611 -72.659996 38.879997 21.119999 
138715112614611 -72.659996 38.879997 21.119999 
138715132614611 -72.659996 38.879997 21.119999 
138715152614611 -72.659996 38.879997 21.119999 
138715172614611 -72.659996 38.879997 21.119999 
138715192614611 -72.659996 38.879997 21.119999 
138715212614611 -72.659996 38.879997 21.119999 
138715232614611 -72.839996 38.639999 20.879999 
138715252614611 -72.839996 38.639999 20.879999 
138715272614611 -72.839996 38.639999 20.879999 
138715292614611 -72.839996 38.639999 20.879999 
138715312614611 -72.839996 38.639999 20.879999 
138715332614611 -72.839996 38.639999 20.879999 
138715352614611 -72.839996 38.639999 20.879999 
138715372614611 -72.839996 38.639999 20.879999 
138715392614611 -72.839996 38.639999 20.879999 
138715412614611 -72.839996 38.639999 20.879999 
138715432614611 -72.839996 38.639999 20.879999 
138715452614611 -72.839996 38.639999 20.879999 
138715472614611 -72.839996 38.639999 20.879999 
138715492614611 -72.839996 38.639999 20.879999 
138715512614611 -72.839996 38.639999 20.879999 
138715532614611 -72.839996 38.639999 20.879999 
138715552614611 -72.839996 38.639999 20.879999 
