# Created at Thu Dec 04 21:57:27 GMT+08:00 2025 in Burnaby Canada 
138703932614583 -0.023184 0.066392 0.125442 0.989605 
138703952614583 -0.020671 0.074072 0.113184 0.990593 
138703972614583 -0.016546 0.081314 0.101499 0.991369 
138703992614583 -0.012401 0.089407 0.083984 0.992371 
138704012614583 -0.008293 0.098985 0.061854 0.993130 
138704032614583 -0.006014 0.100410 0.056933 0.993298 
138704052614583 -0.005513 0.098605 0.067507 0.992819 
138704072614583 -0.003707 0.099753 0.068173 0.992667 
138704092614583 0.003082 0.106335 0.062078 0.992386 
138704112614583 0.008476 0.107866 0.068313 0.991779 
138704132614583 0.012219 0.105821 0.082914 0.990847 
138704152614583 0.017174 0.103402 0.095647 0.989881 
138704172614583 0.021477 0.101222 0.108062 0.988744 
138704192614583 0.025726 0.103362 0.110505 0.988151 
138704212614583 0.032740 0.111468 0.081427 0.989885 
138704232614583 0.044310 0.123694 0.031043 0.990844 
138704252614583 0.049657 0.128493 0.002668 0.990463 
138704272614583 0.057842 0.129637 -0.022772 0.989611 
138704292614583 0.065331 0.127969 -0.036076 0.988966 
138704312614583 0.069155 0.121565 -0.033767 0.989596 
138704332614583 0.072485 0.117031 -0.033787 0.989903 
138704352614583 0.075738 0.112581 -0.043370 0.989802 
138704372614583 0.078040 0.106980 -0.054265 0.989707 
138704392614583 0.081772 0.101046 -0.061582 0.989601 
138704412614611 0.087170 0.099959 -0.078747 0.988033 
138704432614611 0.093271 0.099146 -0.098509 0.985782 
138704452614611 0.096792 0.094115 -0.106691 0.985084 
138704472614611 0.099962 0.090495 -0.113948 0.984294 
138704492614611 0.103704 0.087271 -0.126414 0.982674 
138704512614611 0.100234 0.076270 -0.129968 0.983486 
138704532614611 0.095133 0.063982 -0.129060 0.984987 
138704552614611 0.089698 0.052321 -0.128876 0.986209 
138704572614611 0.084292 0.043991 -0.134267 0.986373 
138704592614611 0.079324 0.033952 -0.143678 0.985856 
138704612614611 0.074211 0.007384 -0.119203 0.990065 
138704632614611 0.068610 -0.027834 -0.080817 0.993975 
138704652614611 0.057733 -0.058992 -0.049662 0.995349 
138704672614611 0.042564 -0.093041 -0.013976 0.994654 
138704692614611 0.023205 -0.132555 0.031708 0.990396 
138704712614611 -0.002871 -0.196296 0.164868 0.966581 
138704732614611 0.070868 -0.317271 0.605915 0.726074 
138704752614611 0.198432 -0.463743 0.774947 0.380821 
138704772614611 0.256323 -0.603302 0.727536 0.202525 
138704792614611 0.275235 -0.675881 0.677380 0.092670 
138704812614611 0.281374 -0.696121 0.660303 0.015637 
138704832614611 -0.291944 0.683886 -0.667667 0.035917 
138704852614611 -0.313742 0.655451 -0.683028 0.073640 
138704872614611 -0.344313 0.618905 -0.698761 0.100691 
138704892614611 -0.381992 0.576845 -0.708362 0.139841 
138704912614611 -0.431201 0.526635 -0.704596 0.200664 
138704932614611 -0.490012 0.457742 -0.687467 0.278837 
138704952614611 -0.553582 0.352366 -0.649285 0.384465 
138704972614611 -0.597954 0.223625 -0.586924 0.497959 
138704992614611 -0.609873 0.125944 -0.532039 0.573696 
138705012614611 -0.609261 0.068315 -0.500016 0.611652 
138705032614611 -0.604917 0.027470 -0.485368 0.630666 
138705052614611 -0.595016 -0.009963 -0.479649 0.644820 
138705072614611 -0.578662 -0.035545 -0.483389 0.655913 
138705092614611 -0.559343 -0.041202 -0.497951 0.661424 
138705112614611 -0.543840 -0.038938 -0.516530 0.660241 
138705132614611 -0.532920 -0.022019 -0.541397 0.649923 
138705152614611 -0.523620 0.006746 -0.564083 0.638425 
138705172614611 -0.512743 0.034838 -0.581455 0.630707 
138705192614611 -0.501423 0.056442 -0.593221 0.627279 
138705212614611 -0.490563 0.077431 -0.600736 0.626473 
138705232614611 -0.477310 0.096604 -0.603417 0.631451 
138705252614611 -0.457971 0.117324 -0.606075 0.639665 
138705272614611 -0.436529 0.139129 -0.606110 0.650167 
138705292614611 -0.415007 0.161106 -0.602983 0.661986 
138705312614611 -0.396316 0.183205 -0.597104 0.672932 
138705332614611 -0.382296 0.202996 -0.588032 0.683271 
138705352614611 -0.373443 0.218104 -0.580889 0.689593 
138705372614611 -0.373474 0.223688 -0.573662 0.693824 
138705392614611 -0.381779 0.228349 -0.565970 0.694104 
138705412614611 -0.402634 0.235596 -0.548988 0.693536 
138705432614611 -0.438765 0.250211 -0.525085 0.684956 
138705452614611 -0.488786 0.262610 -0.497978 0.666439 
138705472614611 -0.537886 0.266046 -0.483068 0.637608 
138705492614611 -0.580508 0.261659 -0.479045 0.604203 
138705512614611 -0.615819 0.256822 -0.475889 0.573009 
138705532614611 -0.644420 0.250983 -0.473708 0.545280 
138705552614611 -0.664584 0.240516 -0.473797 0.525354 
138705572614611 -0.678142 0.224781 -0.478333 0.510681 
138705592614611 -0.692370 0.208573 -0.478060 0.498577 
138705612614611 -0.704902 0.203870 -0.473767 0.486925 
138705632614611 -0.718027 0.203782 -0.464961 0.476152 
138705652614611 -0.739450 0.205028 -0.457674 0.449123 
138705672614611 -0.764158 0.207461 -0.450255 0.412666 
138705692614611 -0.762129 0.185811 -0.447668 0.429217 
138705712614611 -0.731646 0.126070 -0.453816 0.492800 
138705732614611 -0.683446 0.052184 -0.463574 0.561496 
138705752614611 -0.648296 -0.001737 -0.475515 0.594638 
138705772614611 -0.630240 -0.040256 -0.483335 0.606271 
138705792614611 -0.621121 -0.058393 -0.488745 0.609858 
138705812614611 -0.612247 -0.053833 -0.495544 0.613752 
138705832614611 -0.602213 -0.041327 -0.501874 0.619479 
138705852614611 -0.595339 -0.024629 -0.506723 0.623055 
138705872614611 -0.593318 -0.007444 -0.506445 0.625646 
138705892614611 -0.595726 0.010176 -0.502565 0.626446 
138705912614611 -0.598207 0.027204 -0.497579 0.627554 
138705932614611 -0.600501 0.042324 -0.492445 0.628574 
138705952614611 -0.602024 0.055628 -0.487384 0.630024 
138705972614611 -0.602220 0.068010 -0.481634 0.633036 
138705992614611 -0.602622 0.080610 -0.477658 0.634186 
138706012614611 -0.603145 0.089970 -0.476826 0.633054 
138706032614611 -0.604868 0.098258 -0.476782 0.630206 
138706052614611 -0.611085 0.112119 -0.475054 0.623160 
138706072614611 -0.630575 0.123626 -0.471546 0.603934 
138706092614611 -0.665618 0.130928 -0.467532 0.566766 
138706112614611 -0.708804 0.134167 -0.463368 0.514671 
138706132614611 -0.738674 0.131653 -0.467409 0.467501 
138706152614611 -0.756226 0.109970 -0.484060 0.426280 
138706172614611 -0.776221 0.065057 -0.504897 0.371924 
138706192614611 -0.797542 0.017453 -0.517152 0.310122 
138706212614611 -0.809127 -0.018500 -0.526174 0.260983 
138706232614611 -0.813869 -0.042996 -0.531572 0.230653 
138706252614611 -0.816541 -0.058918 -0.532923 0.213971 
138706272614611 -0.819614 -0.079003 -0.533947 0.192074 
138706292614611 -0.835892 -0.056391 -0.523857 0.153877 
138706312614611 -0.859959 0.014598 -0.502432 0.088427 
138706332614611 -0.875739 0.086992 -0.473669 0.033917 
138706352614611 0.883893 -0.175071 0.433479 0.013351 
138706372614611 0.888200 -0.239407 0.391539 0.021957 
138706392614611 -0.894661 0.228918 -0.383300 0.016082 
138706412614611 -0.897717 0.202560 -0.385243 0.068265 
138706432614611 -0.894252 0.172535 -0.391317 0.131970 
138706452614611 -0.871931 0.139154 -0.405757 0.236079 
138706472614611 -0.833875 0.098767 -0.433056 0.327659 
138706492614611 -0.773560 -0.024350 -0.505192 0.381828 
138706512614611 -0.696865 -0.136875 -0.564436 0.420781 
138706532614611 -0.659262 -0.174191 -0.583960 0.440480 
138706552614611 -0.659797 -0.165352 -0.582243 0.445331 
138706572614611 -0.675114 -0.151424 -0.572452 0.439989 
138706592614611 -0.686151 -0.143612 -0.565954 0.433900 
138706612614611 -0.690917 -0.148831 -0.563189 0.428137 
138706632614611 -0.696902 -0.154822 -0.562524 0.417043 
138706652614611 -0.702049 -0.163235 -0.563590 0.403545 
138706672614611 -0.704550 -0.180758 -0.566752 0.386946 
138706692614611 -0.708001 -0.208229 -0.567168 0.365644 
138706712614611 -0.708034 -0.240747 -0.569568 0.341059 
138706732614611 -0.708347 -0.280582 -0.567592 0.312024 
138706752614611 -0.701054 -0.328010 -0.564384 0.287059 
138706772614611 -0.678735 -0.387496 -0.561555 0.271704 
138706792614611 -0.643950 -0.454637 -0.555886 0.263865 
138706812614611 -0.611611 -0.522577 -0.538332 0.251084 
138706832614611 -0.553557 -0.618743 -0.500124 0.246184 
138706852614611 -0.369159 -0.764828 -0.434334 0.300189 
138706872614611 -0.109141 -0.850716 -0.357743 0.369312 
138706892614611 0.076689 -0.864254 -0.303636 0.393686 
138706912614611 0.239597 -0.848615 -0.257602 0.395078 
138706932614611 0.350035 -0.823393 -0.242776 0.374912 
138706952614611 0.411752 -0.804400 -0.250281 0.347506 
138706972614611 0.441465 -0.794642 -0.258013 0.327234 
138706992614611 0.462563 -0.790220 -0.249489 0.315188 
138707012614611 0.489299 -0.782003 -0.233965 0.307113 
138707032614611 0.506635 -0.776717 -0.227441 0.297156 
138707052614611 0.514494 -0.772753 -0.233132 0.289478 
138707072614611 0.528770 -0.766555 -0.225751 0.286062 
138707092614611 0.551497 -0.757869 -0.171049 0.303689 
138707112614611 0.557163 -0.743681 -0.048802 0.366234 
138707132614611 -0.733885 -0.487907 -0.463321 0.093240 
138707152614611 -0.647926 -0.451758 -0.562090 0.245277 
138707172614611 -0.585854 -0.390023 -0.628040 0.331998 
138707192614611 -0.558884 -0.328931 -0.659782 0.379658 
138707212614611 -0.564486 -0.284078 -0.662235 0.402617 
138707232614611 -0.589590 -0.257718 -0.649656 0.404860 
138707252614611 -0.606039 -0.240387 -0.639678 0.407116 
138707272614611 -0.608283 -0.217729 -0.636852 0.420720 
138707292614611 -0.608162 -0.189760 -0.631959 0.441314 
138707312614611 -0.616745 -0.165254 -0.621665 0.453705 
138707332614611 -0.645061 -0.164598 -0.603633 0.438671 
138707352614611 -0.672848 -0.189550 -0.587926 0.407050 
138707372614611 -0.658393 -0.231940 -0.593434 0.400698 
138707392614611 -0.610637 -0.274915 -0.611691 0.421162 
138707412614611 -0.568321 -0.305814 -0.621831 0.443638 
138707432614611 -0.535379 -0.328285 -0.624638 0.464140 
138707452614611 -0.501464 -0.339910 -0.626418 0.490506 
138707472614611 -0.478779 -0.338089 -0.627227 0.512887 
138707492614611 -0.466849 -0.331338 -0.624877 0.530845 
138707512614611 -0.466995 -0.322370 -0.621802 0.539774 
138707532614611 -0.467299 -0.319092 -0.615943 0.548111 
138707552614611 -0.453921 -0.330403 -0.610579 0.558554 
138707572614611 -0.422505 -0.360550 -0.601596 0.574086 
138707592614611 -0.384831 -0.387738 -0.591651 0.592886 
138707612614611 -0.362064 -0.395849 -0.585204 0.608070 
138707632614611 -0.356021 -0.404262 -0.577425 0.613515 
138707652614611 -0.362196 -0.410185 -0.572887 0.610215 
138707672614611 -0.376109 -0.411940 -0.572625 0.600790 
138707692614611 -0.397189 -0.408552 -0.575662 0.586463 
138707712614611 -0.428047 -0.385974 -0.594489 0.560698 
138707732614611 -0.468239 -0.346679 -0.624137 0.520595 
138707752614611 -0.522042 -0.280293 -0.663710 0.456505 
138707772614611 -0.575953 -0.181326 -0.703671 0.374495 
138707792614611 -0.616058 -0.063401 -0.728741 0.292215 
138707812614611 -0.639923 0.060331 -0.731291 0.228194 
138707832614611 -0.647775 0.173847 -0.713623 0.202253 
138707852614611 -0.642878 0.263627 -0.687120 0.212310 
138707872614611 -0.629409 0.328830 -0.660903 0.242737 
138707892614611 -0.607575 0.381934 -0.638543 0.277924 
138707912614611 -0.586681 0.419617 -0.619216 0.310322 
138707932614611 -0.569158 0.447431 -0.606189 0.329241 
138707952614611 -0.558015 0.460292 -0.600643 0.340557 
138707972614611 -0.551063 0.462846 -0.602290 0.345470 
138707992614611 -0.548788 0.462858 -0.602842 0.348103 
138708012614611 -0.548051 0.466528 -0.600893 0.347736 
138708032614611 -0.548345 0.473493 -0.598672 0.341634 
138708052614611 -0.551059 0.483031 -0.596943 0.326610 
138708072614611 -0.554290 0.488521 -0.598940 0.308837 
138708092614611 -0.552885 0.490054 -0.606881 0.293020 
138708112614611 -0.552507 0.485797 -0.615596 0.282451 
138708132614611 -0.549964 0.482014 -0.624806 0.273532 
138708152614611 -0.546774 0.477828 -0.633681 0.266771 
138708172614611 -0.557372 0.458257 -0.634590 0.276824 
138708192614611 -0.564363 0.443159 -0.637753 0.279957 
138708212614611 -0.488558 -0.519784 0.211549 0.668119 
138708232614611 -0.476278 -0.524962 0.214494 0.671986 
138708252614611 -0.466841 -0.526972 0.214883 0.676894 
138708272614611 -0.465031 -0.522244 0.204910 0.684850 
138708292614611 -0.457469 -0.522383 0.200261 0.691183 
138708312614611 -0.448870 -0.521963 0.194427 0.698762 
138708332614611 -0.440544 -0.521460 0.187128 0.706388 
138708352614611 -0.430784 -0.523084 0.182227 0.712462 
138708372614611 -0.417254 -0.527062 0.182447 0.717509 
138708392614611 -0.403883 -0.529927 0.183600 0.722736 
138708412614611 -0.394135 -0.530373 0.184098 0.727647 
138708432614611 -0.386498 -0.529985 0.185897 0.731558 
138708452614611 -0.380829 -0.529947 0.190816 0.733290 
138708472614611 -0.377368 -0.531298 0.199618 0.731757 
138708492614611 -0.378502 -0.533342 0.208111 0.727305 
138708512614611 -0.381073 -0.536027 0.217540 0.721204 
138708532614611 -0.384182 -0.536946 0.228427 0.715482 
138708552614611 -0.391010 -0.533656 0.240229 0.710361 
138708572614611 -0.400044 -0.529655 0.250857 0.704629 
138708592614611 -0.409638 -0.526401 0.260072 0.698185 
138708612614611 -0.418917 -0.522292 0.269265 0.692255 
138708632614611 -0.425756 -0.521443 0.278300 0.685112 
138708652614611 -0.429875 -0.522697 0.285884 0.678428 
138708672614611 -0.433299 -0.524170 0.291143 0.672855 
138708692614611 -0.433952 -0.527625 0.297958 0.666723 
138708712614611 -0.432788 -0.532396 0.305877 0.660067 
138708732614611 -0.429247 -0.538490 0.316649 0.652311 
138708752614611 -0.424060 -0.544917 0.329781 0.643803 
138708772614611 -0.409613 -0.557992 0.352207 0.629931 
138708792614611 -0.382144 -0.579387 0.385596 0.607942 
138708812614611 -0.321687 -0.617747 0.446858 0.561448 
138708832614611 -0.124117 -0.688089 0.595304 0.395907 
138708852614611 0.226421 -0.664258 0.710985 0.044661 
138708872614611 -0.373616 0.596285 -0.697996 0.132883 
138708892614611 -0.420346 0.563700 -0.681655 0.202233 
138708912614611 -0.443408 0.543441 -0.668382 0.247643 
138708932614611 -0.446543 0.541250 -0.659207 0.270360 
138708952614611 -0.449026 0.544243 -0.646423 0.290366 
138708972614611 -0.444113 0.556638 -0.634202 0.301174 
138708992614611 -0.437117 0.571262 -0.619093 0.315138 
138709012614611 -0.428989 0.584322 -0.602973 0.333105 
138709032614611 -0.420930 0.596112 -0.588584 0.347905 
138709052614611 -0.413493 0.607831 -0.576428 0.356785 
138709072614611 -0.407274 0.617918 -0.568223 0.359760 
138709092614611 -0.405089 0.622686 -0.565127 0.358882 
138709112614611 -0.406912 0.622967 -0.567123 0.353136 
138709132614611 -0.412955 0.618877 -0.571774 0.345738 
138709152614611 -0.418849 0.614442 -0.579234 0.333939 
138709172614611 -0.425032 0.609042 -0.587793 0.320803 
138709192614611 -0.426828 0.605795 -0.597603 0.306107 
138709212614611 -0.427528 0.601823 -0.607870 0.292443 
138709232614611 -0.426134 0.597975 -0.619192 0.278276 
138709252614611 -0.424150 0.593171 -0.630664 0.265532 
138709272614611 -0.423226 0.586048 -0.641859 0.255821 
138709292614611 -0.424757 0.576696 -0.651704 0.249570 
138709312614611 -0.418787 0.574911 -0.664052 0.230498 
138709332614611 -0.409076 0.578451 -0.675103 0.205638 
138709352614611 -0.396119 0.584892 -0.684817 0.178931 
138709372614611 -0.369507 0.598311 -0.698308 0.133620 
138709392614611 -0.316115 0.623959 -0.712469 0.055990 
138709412614611 0.222585 -0.659650 0.715264 0.060948 
138709432614611 0.050886 -0.690267 0.678266 0.246775 
138709452614611 -0.187116 -0.659978 0.550679 0.475574 
138709472614611 -0.334996 -0.591662 0.412876 0.606009 
138709492614611 -0.384602 -0.556121 0.342524 0.652294 
138709512614611 -0.405650 -0.537706 0.299626 0.675681 
138709532614611 -0.398808 -0.531887 0.263743 0.698920 
138709552614611 -0.396344 -0.527209 0.241183 0.711894 
138709572614611 -0.394955 -0.521218 0.218618 0.724258 
138709592614611 -0.390953 -0.517075 0.203598 0.733714 
138709612614611 -0.386934 -0.513768 0.192993 0.740998 
138709632614611 -0.382368 -0.511977 0.187535 0.745993 
138709652614611 -0.377489 -0.512008 0.186445 0.748725 
138709672614611 -0.373534 -0.513745 0.189085 0.748856 
138709692614611 -0.372346 -0.516284 0.193307 0.746620 
138709712614611 -0.373067 -0.519385 0.198965 0.742612 
138709732614611 -0.375227 -0.524016 0.207202 0.735989 
138709752614611 -0.377793 -0.529042 0.219215 0.727552 
138709772614611 -0.381732 -0.530905 0.231874 0.720177 
138709792614611 -0.381381 -0.534229 0.248447 0.712335 
138709812614611 -0.379357 -0.538541 0.261424 0.705492 
138709832614611 -0.373523 -0.545863 0.274194 0.698091 
138709852614611 -0.368381 -0.552744 0.285024 0.691036 
138709872614611 -0.363417 -0.560319 0.298367 0.681871 
138709892614611 -0.358596 -0.568731 0.313605 0.670526 
138709912614611 -0.349143 -0.580969 0.332556 0.655729 
138709932614611 -0.335091 -0.595878 0.352891 0.638836 
138709952614611 -0.320046 -0.608833 0.373511 0.622400 
138709972614611 -0.299868 -0.620406 0.401268 0.603457 
138709992614611 -0.277911 -0.630514 0.431990 0.581895 
138710012614611 -0.239634 -0.646455 0.475337 0.546559 
138710032614611 -0.169417 -0.670155 0.537867 0.482586 
138710052614611 -0.050897 -0.691316 0.618417 0.370205 
138710072614611 0.121503 -0.683860 0.693514 0.191341 
138710092614611 0.270745 -0.641448 0.717701 0.012090 
138710112614611 -0.342049 0.609223 -0.709515 0.091861 
138710132614611 -0.378362 0.591019 -0.694468 0.158910 
138710152614611 -0.392776 0.585684 -0.679059 0.203911 
138710172614611 -0.397449 0.587356 -0.662903 0.240014 
138710192614611 -0.396061 0.593464 -0.647271 0.268282 
138710212614611 -0.391226 0.600403 -0.634158 0.290347 
138710232614611 -0.387488 0.602435 -0.625394 0.309530 
138710252614611 -0.385976 0.601400 -0.619877 0.324180 
138710272614611 -0.386739 0.601825 -0.614566 0.332489 
138710292614611 -0.389783 0.603881 -0.612304 0.329364 
138710312614611 -0.398169 0.604297 -0.612333 0.318331 
138710332614611 -0.405086 0.606121 -0.615969 0.298505 
138710352614611 -0.411464 0.608040 -0.620147 0.276411 
138710372614611 -0.413694 0.612122 -0.624590 0.253082 
138710392614611 -0.412213 0.616993 -0.629040 0.231751 
138710412614611 -0.405397 0.622935 -0.635547 0.209010 
138710432614611 -0.393403 0.629372 -0.644882 0.182352 
138710452614611 -0.378713 0.636046 -0.654992 0.151682 
138710472614611 -0.359371 0.644965 -0.664686 0.114298 
138710492614611 -0.332195 0.656870 -0.673216 0.070345 
138710512614611 -0.299466 0.668799 -0.680010 0.024770 
138710532614611 0.256553 -0.682533 0.683786 0.027690 
138710552614611 0.208269 -0.696307 0.681432 0.086202 
138710572614611 0.152304 -0.709431 0.670452 0.154934 
138710592614611 0.093916 -0.719281 0.650927 0.223849 
138710612614611 0.039753 -0.724900 0.625782 0.285194 
138710632614611 -0.013936 -0.726788 0.595469 0.342056 
138710652614611 -0.060773 -0.724837 0.565269 0.389087 
138710672614611 -0.097228 -0.720655 0.537253 0.427273 
138710692614611 -0.131626 -0.714102 0.506583 0.464873 
138710712614611 -0.155795 -0.707567 0.478962 0.495653 
138710732614611 -0.175566 -0.701416 0.450517 0.523667 
138710752614611 -0.188593 -0.696539 0.422628 0.548317 
138710772614611 -0.197856 -0.692462 0.395848 0.569784 
138710792614611 -0.205195 -0.689407 0.373985 0.585447 
138710812614611 -0.211000 -0.687122 0.358305 0.595785 
138710832614611 -0.214683 -0.685468 0.347477 0.602748 
138710852614611 -0.218062 -0.684196 0.338862 0.607863 
138710872614611 -0.219312 -0.683960 0.334830 0.609909 
138710892614611 -0.220809 -0.684104 0.334841 0.609202 
138710912614611 -0.226604 -0.682415 0.336187 0.608226 
138710932614611 -0.230994 -0.679975 0.343607 0.605153 
138710952614611 -0.236549 -0.676019 0.352943 0.602058 
138710972614611 -0.241139 -0.672272 0.363045 0.598415 
138710992614611 -0.245544 -0.668956 0.372904 0.594263 
138711012614611 -0.245627 -0.666828 0.385104 0.588815 
138711032614611 -0.243918 -0.667076 0.394501 0.582995 
138711052614611 -0.240736 -0.667549 0.403412 0.577653 
138711072614611 -0.240845 -0.665554 0.423336 0.565525 
138711092614611 -0.232573 -0.668013 0.439544 0.553598 
138711112614611 -0.217849 -0.673575 0.454060 0.540989 
138711132614611 -0.199681 -0.680015 0.475398 0.521253 
138711152614611 -0.178754 -0.686614 0.499944 0.496653 
138711172614611 -0.150740 -0.694163 0.529138 0.464143 
138711192614611 -0.109300 -0.702053 0.563419 0.421585 
138711212614611 -0.058578 -0.708246 0.597433 0.371525 
138711232614611 0.002513 -0.711850 0.629695 0.311041 
138711252614611 0.069106 -0.709820 0.657803 0.242230 
138711272614611 0.143698 -0.699469 0.681557 0.159920 
138711292614611 0.214859 -0.681446 0.695717 0.073790 
138711312614611 0.268444 -0.662620 0.699194 0.000218 
138711332614611 -0.313353 0.644173 -0.694191 0.070351 
138711352614611 -0.343007 0.631833 -0.683101 0.128474 
138711372614611 -0.361113 0.625034 -0.669641 0.174672 
138711392614611 -0.372083 0.621688 -0.655587 0.212755 
138711412614611 -0.375983 0.621281 -0.642861 0.243673 
138711432614611 -0.376013 0.621347 -0.632962 0.268144 
138711452614611 -0.376354 0.619996 -0.626352 0.285738 
138711472614611 -0.378436 0.618043 -0.623143 0.294110 
138711492614611 -0.382122 0.617419 -0.622129 0.292799 
138711512614611 -0.386486 0.618670 -0.622247 0.284049 
138711532614611 -0.390378 0.620535 -0.623765 0.271032 
138711552614611 -0.394326 0.621363 -0.626012 0.257921 
138711572614611 -0.394694 0.622979 -0.629704 0.244104 
138711592614611 -0.391296 0.625797 -0.634486 0.229549 
138711612614611 -0.385352 0.629109 -0.639487 0.216292 
138711632614611 -0.378511 0.632439 -0.643960 0.205098 
138711652614611 -0.368324 0.636768 -0.650100 0.190352 
138711672614611 -0.356541 0.640740 -0.657913 0.171700 
138711692614611 -0.340480 0.646589 -0.667202 0.144353 
138711712614611 -0.321135 0.654774 -0.675210 0.110610 
138711732614611 -0.286426 0.669130 -0.683027 0.060823 
138711752614611 -0.244364 0.681049 -0.690244 0.004602 
138711772614611 0.186876 -0.691035 0.694923 0.068045 
138711792614611 0.105243 -0.699036 0.687430 0.166472 
138711812614611 0.004503 -0.699989 0.656384 0.281345 
138711832614611 -0.093808 -0.689301 0.605133 0.387142 
138711852614611 -0.166315 -0.672452 0.553581 0.462272 
138711872614611 -0.219566 -0.655980 0.506246 0.514971 
138711892614611 -0.251406 -0.645682 0.470145 0.546675 
138711912614611 -0.273919 -0.638706 0.439589 0.569020 
138711932614611 -0.289929 -0.633655 0.412978 0.586405 
138711952614611 -0.300563 -0.629069 0.389899 0.601592 
138711972614611 -0.305620 -0.624688 0.371072 0.615359 
138711992614611 -0.308643 -0.619456 0.353739 0.629192 
138712012614611 -0.308230 -0.614474 0.339834 0.641817 
138712032614611 -0.305523 -0.610074 0.329332 0.652691 
138712052614611 -0.303055 -0.605315 0.320665 0.662514 
138712072614611 -0.301297 -0.601980 0.315060 0.669012 
138712092614611 -0.301342 -0.601030 0.313174 0.670730 
138712112614611 -0.301461 -0.602169 0.315724 0.668455 
138712132614611 -0.300494 -0.604955 0.318480 0.665058 
138712152614611 -0.294449 -0.611677 0.322595 0.659609 
138712172614611 -0.287910 -0.618639 0.326524 0.654046 
138712192614611 -0.284007 -0.623300 0.331934 0.648581 
138712212614611 -0.282183 -0.625970 0.341138 0.641997 
138712232614611 -0.283230 -0.625549 0.352026 0.636040 
138712252614611 -0.284252 -0.623740 0.363685 0.630779 
138712272614611 -0.282627 -0.623438 0.377090 0.623900 
138712292614611 -0.282178 -0.623883 0.388919 0.616350 
138712312614611 -0.280179 -0.626553 0.402708 0.605605 
138712332614611 -0.274055 -0.631982 0.419660 0.591082 
138712352614611 -0.261972 -0.639628 0.441567 0.572071 
138712372614611 -0.243457 -0.648970 0.467215 0.548887 
138712392614611 -0.216928 -0.659640 0.496761 0.520621 
138712412614611 -0.176517 -0.672126 0.533905 0.481698 
138712432614611 -0.108033 -0.686888 0.585759 0.416414 
138712452614611 0.005604 -0.696045 0.649703 0.305573 
138712472614611 0.136318 -0.683548 0.697176 0.167707 
138712492614611 0.267851 -0.644670 0.715870 0.013632 
138712512614611 -0.359445 0.600420 -0.706020 0.108766 
138712532614611 -0.415174 0.565263 -0.685020 0.197117 
138712552614611 -0.444663 0.543271 -0.662218 0.261914 
138712572614611 -0.452765 0.537134 -0.641081 0.309040 
138712592614611 -0.450124 0.539945 -0.619406 0.349549 
138712612614611 -0.440764 0.547291 -0.598843 0.384170 
138712632614611 -0.429688 0.553688 -0.582121 0.412229 
138712652614611 -0.422765 0.556787 -0.574871 0.425183 
138712672614611 -0.425177 0.553853 -0.575660 0.425543 
138712692614611 -0.435135 0.548174 -0.581455 0.414817 
138712712614611 -0.447385 0.543781 -0.588091 0.397867 
138712732614611 -0.454881 0.546932 -0.594247 0.375259 
138712752614611 -0.458131 0.553628 -0.597460 0.355883 
138712772614611 -0.457307 0.561084 -0.600703 0.339428 
138712792614611 -0.452826 0.568061 -0.605124 0.325699 
138712812614611 -0.446954 0.573302 -0.610800 0.313816 
138712832614611 -0.439737 0.577087 -0.619113 0.300501 
138712852614611 -0.432858 0.575795 -0.635755 0.277326 
138712872614611 -0.419284 0.583066 -0.648006 0.253619 
138712892614611 -0.397547 0.597552 -0.660627 0.220136 
138712912614611 -0.367535 0.616691 -0.674407 0.172581 
138712932614611 -0.319957 0.640583 -0.690619 0.101618 
138712952614611 -0.243675 0.668515 -0.702643 0.001662 
138712972614611 0.137401 -0.693488 0.697029 0.119774 
138712992614611 0.010202 -0.703978 0.664935 0.249344 
138713012614611 -0.106496 -0.694633 0.613182 0.360766 
138713032614611 -0.195403 -0.673810 0.556249 0.445404 
138713052614611 -0.256032 -0.651289 0.502620 0.507586 
138713072614611 -0.296021 -0.630850 0.453358 0.555758 
138713092614611 -0.317264 -0.616593 0.412503 0.590760 
138713112614611 -0.327311 -0.608299 0.377199 0.616896 
138713132614611 -0.331264 -0.603034 0.344677 0.638601 
138713152614611 -0.328569 -0.600637 0.318090 0.655817 
138713172614611 -0.322838 -0.599691 0.296211 0.669631 
138713192614611 -0.317571 -0.597783 0.278695 0.681273 
138713212614611 -0.314420 -0.592431 0.265175 0.692711 
138713232614611 -0.312445 -0.585797 0.258728 0.701626 
138713252614611 -0.314226 -0.580407 0.256315 0.706182 
138713272614611 -0.318299 -0.577696 0.255624 0.706830 
138713292614611 -0.321680 -0.577462 0.254766 0.705800 
138713312614611 -0.323364 -0.579073 0.257043 0.702879 
138713332614611 -0.326632 -0.580354 0.261527 0.698645 
138713352614611 -0.333729 -0.579575 0.265866 0.694286 
138713372614611 -0.340621 -0.577557 0.272941 0.689861 
138713392614611 -0.347921 -0.573624 0.278975 0.687080 
138713412614611 -0.354117 -0.570664 0.285193 0.683819 
138713432614611 -0.357516 -0.569626 0.291062 0.680435 
138713452614611 -0.359451 -0.570897 0.295360 0.676486 
138713472614611 -0.360358 -0.572969 0.302377 0.671131 
138713492614611 -0.360676 -0.575339 0.312100 0.664448 
138713512614611 -0.358852 -0.578886 0.324576 0.656328 
138713532614611 -0.353394 -0.584295 0.340418 0.646395 
138713552614611 -0.340927 -0.593378 0.363014 0.632370 
138713572614611 -0.310300 -0.611905 0.402581 0.605982 
138713592614611 -0.240299 -0.645079 0.474385 0.548715 
138713612614611 -0.078298 -0.687097 0.596734 0.407033 
138713632614611 0.198158 -0.666673 0.707542 0.125160 
138713652614611 -0.348752 0.606686 -0.711773 0.060691 
138713672614611 -0.407019 0.574227 -0.692853 0.156697 
138713692614611 -0.426624 0.563678 -0.671354 0.222583 
138713712614611 -0.425898 0.567190 -0.650407 0.271804 
138713732614611 -0.416941 0.577262 -0.633193 0.303309 
138713752614611 -0.409599 0.588690 -0.618862 0.320440 
138713772614611 -0.405114 0.598765 -0.607433 0.329224 
138713792614611 -0.403683 0.603300 -0.600429 0.335489 
138713812614611 -0.405445 0.601659 -0.598058 0.340512 
138713832614611 -0.407965 0.598015 -0.600594 0.339455 
138713852614611 -0.415368 0.591887 -0.603931 0.335271 
138713872614611 -0.422971 0.587759 -0.608368 0.324841 
138713892614611 -0.431787 0.583623 -0.612146 0.313404 
138713912614611 -0.438790 0.580233 -0.617724 0.298681 
138713932614611 -0.440859 0.579111 -0.625015 0.282188 
138713952614611 -0.441461 0.578188 -0.631550 0.268246 
138713972614611 -0.439548 0.577542 -0.638291 0.256569 
138713992614611 -0.439391 0.573237 -0.644513 0.250874 
138714012614611 -0.436770 0.568822 -0.652923 0.243650 
138714032614611 -0.435478 0.562290 -0.661865 0.236903 
138714052614611 -0.433302 0.555603 -0.671929 0.228181 
138714072614611 -0.430189 0.549404 -0.682286 0.218123 
138714092614611 -0.422039 0.548458 -0.693433 0.200567 
138714112614611 -0.406099 0.555290 -0.705269 0.171265 
138714132614611 -0.346033 0.591151 -0.723568 0.085151 
138714152614611 -0.015651 -0.682196 0.656495 0.321525 
138714172614611 -0.353068 -0.581199 0.396578 0.616665 
138714192614611 -0.403262 -0.545858 0.326520 0.657878 
138714212614611 -0.415109 -0.537263 0.301598 0.669382 
138714232614611 -0.419109 -0.535905 0.288373 0.673791 
138714252614611 -0.422745 -0.534327 0.273215 0.679069 
138714272614611 -0.422693 -0.533773 0.257506 0.685644 
138714292614611 -0.418288 -0.535646 0.242921 0.692176 
138714312614611 -0.414318 -0.537283 0.225269 0.699229 
138714332614611 -0.406050 -0.542277 0.212501 0.704203 
138714352614611 -0.397775 -0.545701 0.199503 0.710059 
138714372614611 -0.388554 -0.546561 0.186715 0.717937 
138714392614611 -0.377479 -0.547152 0.178353 0.725482 
138714412614611 -0.369448 -0.547751 0.171624 0.730768 
138714432614611 -0.364684 -0.549131 0.169195 0.732690 
138714452614611 -0.363070 -0.551104 0.168716 0.732120 
138714472614611 -0.364099 -0.553705 0.170641 0.729194 
138714492614611 -0.366651 -0.556567 0.173577 0.725032 
138714512614611 -0.367822 -0.560319 0.176989 0.720711 
138714532614611 -0.367820 -0.563752 0.180127 0.717249 
138714552614611 -0.369691 -0.563298 0.182837 0.715957 
138714572614611 -0.373191 -0.558820 0.187459 0.716455 
138714592614611 -0.378674 -0.553200 0.193323 0.716382 
138714612614611 -0.385533 -0.547825 0.196776 0.715913 
138714632614611 -0.389435 -0.543933 0.200431 0.715755 
138714652614611 -0.392145 -0.541776 0.204383 0.714793 
138714672614611 -0.396358 -0.541183 0.209781 0.711346 
138714692614611 -0.397240 -0.544687 0.223643 0.703918 
138714712614611 -0.392824 -0.552398 0.245118 0.693155 
138714732614611 -0.382307 -0.563802 0.272411 0.679530 
138714752614611 -0.357158 -0.584022 0.313236 0.658209 
138714772614611 -0.313888 -0.612551 0.369080 0.624528 
138714792614611 -0.245048 -0.647541 0.442323 0.570081 
138714812614611 -0.154712 -0.679938 0.519939 0.493368 
138714832614611 -0.066654 -0.699198 0.579324 0.413597 
138714852614611 -0.000855 -0.706226 0.614968 0.350797 
138714872614611 0.034211 -0.706999 0.631913 0.315702 
138714892614611 0.058842 -0.705063 0.643940 0.291145 
138714912614611 0.072179 -0.702925 0.650800 0.277751 
138714932614611 0.080645 -0.700719 0.654553 0.272120 
138714952614611 0.084667 -0.697514 0.656683 0.273992 
138714972614611 0.087380 -0.692692 0.659518 0.278530 
138714992614611 0.089832 -0.686719 0.662528 0.285312 
138715012614611 0.093527 -0.680051 0.664631 0.295040 
138715032614611 0.098148 -0.672899 0.665181 0.308397 
138715052614611 0.099230 -0.661434 0.666210 0.329884 
138715072614611 0.100873 -0.642999 0.671114 0.354941 
138715092614611 0.099208 -0.619147 0.678427 0.382821 
138715112614611 0.095157 -0.589946 0.688303 0.411276 
138715132614611 0.089759 -0.557693 0.696731 0.442139 
138715152614611 0.087148 -0.525367 0.699062 0.477188 
138715172614611 0.085881 -0.493418 0.696721 0.513559 
138715192614611 0.082938 -0.460246 0.692472 0.549343 
138715212614611 0.079546 -0.427386 0.686177 0.583245 
138715232614611 0.075203 -0.393189 0.677649 0.616878 
138715252614611 0.070133 -0.357663 0.668047 0.648746 
138715272614611 0.067776 -0.322021 0.655453 0.679772 
138715292614611 0.066406 -0.290438 0.641002 0.707356 
138715312614611 0.064949 -0.260455 0.626809 0.731475 
138715332614611 0.065639 -0.234344 0.610838 0.753426 
138715352614611 0.069394 -0.212411 0.595849 0.771382 
138715372614611 0.071642 -0.192887 0.584413 0.784935 
138715392614611 0.070852 -0.171408 0.573842 0.797687 
138715412614611 0.068274 -0.148642 0.559391 0.812604 
138715432614611 0.068459 -0.129438 0.547412 0.823953 
138715452614611 0.070800 -0.110439 0.535553 0.834250 
138715472614611 0.073270 -0.092322 0.521551 0.845040 
138715492614611 0.075613 -0.075692 0.508119 0.854616 
138715512614611 0.076114 -0.058448 0.497341 0.862231 
138715532614611 0.079492 -0.043296 0.486902 0.868754 
