# Created at Thu Dec 04 21:57:27 GMT+08:00 2025 in Burnaby Canada 
138703952614583 6.881250 6.993750 -22.256250 
138703972614583 6.993750 6.787500 -22.312500 
138703992614583 6.975000 6.656250 -22.425001 
138704012614583 6.862500 6.487500 -22.537500 
138704032614583 6.412500 6.375000 -22.593750 
138704052614583 6.450000 6.300000 -22.462502 
138704072614583 6.281250 6.168750 -22.425001 
138704092614583 6.581250 6.243750 -22.162500 
138704112614583 6.750000 6.000000 -22.162500 
138704132614583 6.843750 5.606250 -22.181252 
138704152614583 6.937500 5.381250 -21.956251 
138704172614583 7.050000 5.006250 -21.825001 
138704192614583 7.368750 4.612500 -21.656250 
138704212614583 7.125000 4.350000 -21.712502 
138704232614583 6.675000 4.125000 -21.600000 
138704252614583 6.018750 3.731250 -21.862501 
138704272614583 5.081250 3.618750 -21.750000 
138704292614583 4.275000 3.543750 -21.731251 
138704312614583 3.525000 3.525000 -21.825001 
138704332614583 2.868750 3.675000 -22.050001 
138704352614583 1.875000 3.750000 -22.125000 
138704372614583 1.068750 3.900000 -22.200001 
138704392614583 0.525000 4.162500 -22.312500 
138704412614583 -0.037500 4.443750 -22.031250 
138704432614299 -0.393750 4.837500 -22.218750 
138704452614611 -0.918750 5.268750 -22.275002 
138704472614611 -1.368750 5.700000 -22.237501 
138704492614611 -2.081250 5.943750 -22.068750 
138704512614611 -2.831250 6.262500 -21.918751 
138704532614611 -3.487500 6.525000 -21.487501 
138704552614611 -4.200000 7.012500 -21.206251 
138704572614611 -4.837500 7.256250 -21.131250 
138704592614611 -5.700000 7.368750 -20.662500 
138704612614611 -6.768750 7.425000 -20.512501 
138704632614611 -8.193750 7.237500 -20.081251 
138704652614611 -9.450001 7.218750 -19.575001 
138704672614611 -10.575001 7.481250 -18.731251 
138704692614611 -12.000000 7.631250 -18.000000 
138704712614611 -13.668751 7.875000 -16.931252 
138704732614611 -15.318750 8.362500 -15.806251 
138704752614611 -16.950001 8.943750 -14.437501 
138704772614611 -18.318750 9.656250 -12.618751 
138704792614611 -19.593750 10.968750 -10.406250 
138704812614611 -20.700001 12.468751 -8.118751 
138704832614611 -21.506250 13.875001 -5.737500 
138704852614611 -22.031250 15.356251 -2.775000 
138704872614611 -22.050001 16.631250 0.637500 
138704892614611 -22.012501 17.775002 4.256250 
138704912614611 -21.768751 18.712502 7.781250 
138704932614611 -21.693750 19.650002 11.325001 
138704952614611 -21.581251 19.968750 14.231251 
138704972614611 -21.768751 19.706251 16.987501 
138704992614611 -22.575001 19.143751 19.106251 
138705012614611 -23.550001 18.225000 20.550001 
138705032614611 -24.806252 16.800001 21.000000 
138705052614611 -26.568750 15.112500 21.056252 
138705072614611 -28.368752 12.956250 20.512501 
138705092614611 -29.831251 9.993751 19.387501 
138705112614611 -31.087502 6.562500 18.168751 
138705132614611 -31.987501 3.131250 17.118752 
138705152614611 -31.875002 -5.943750 12.093751 
138705172614611 -31.200001 -9.712501 11.475000 
138705192614611 -30.375002 -13.425000 11.606251 
138705212614611 -28.706251 -16.443750 12.000000 
138705232614611 -26.343752 -18.881250 12.900001 
138705252614611 -24.412500 -20.662500 14.250001 
138705272614611 -21.506250 -21.600000 15.787500 
138705292614611 -19.968750 -21.825001 16.875000 
138705312614611 -19.218750 -21.356251 18.018751 
138705332614611 -19.162500 -20.325001 18.806252 
138705352614611 -19.743752 -19.143751 20.043751 
138705372614611 -20.493752 -17.325001 20.043751 
138705392614611 -21.656250 -15.412500 19.312500 
138705412614611 -22.931252 -12.881250 18.693750 
138705432614611 -24.262501 -9.712501 16.950001 
138705452614611 -25.181252 -7.125000 15.712501 
138705472614611 -26.062502 -4.218750 14.231251 
138705492614611 -26.643751 -1.218750 12.750001 
138705512614611 -26.156252 1.800000 11.437500 
138705532614611 -25.725000 4.275000 10.331250 
138705552614611 -24.393751 7.443750 9.862500 
138705572614611 -23.400002 9.712501 9.093750 
138705592614611 -22.162500 11.643750 9.337501 
138705612614611 -21.093750 13.275001 9.450001 
138705632614611 -20.006250 14.606251 10.256250 
138705652614611 -18.506250 15.712501 11.043751 
138705672614611 -18.018751 16.725000 11.793751 
138705692614611 -17.812500 17.025002 12.956250 
138705712614611 -18.581251 16.200001 13.687501 
138705732614611 -19.668751 15.000001 15.375001 
138705752614611 -21.168751 13.875001 16.912500 
138705772614611 -22.800001 12.112500 18.356251 
138705792614611 -24.337502 9.768750 19.725000 
138705812614611 -26.456251 6.787500 21.093750 
138705832614611 -28.050001 3.562500 21.993752 
138705852614611 -29.175001 0.525000 22.818750 
138705872614611 -29.156252 -2.212500 23.418751 
138705892614611 -28.593752 -4.181250 23.887501 
138705912614611 -27.637501 -5.981250 24.543751 
138705932614611 -26.550001 -7.312500 24.581251 
138705952614611 -25.631250 -8.175000 24.393751 
138705972614611 -24.281252 -8.362500 24.037500 
138705992614611 -23.250000 -8.137501 23.606251 
138706012614611 -22.537500 -7.612500 22.556252 
138706032614611 -22.181252 -7.237500 21.187500 
138706052614611 -22.256250 -6.862500 19.481251 
138706072614611 -22.912500 -6.262500 17.456251 
138706092614611 -23.418751 -5.587500 15.806251 
138706112614611 -23.493752 -5.006250 14.081250 
138706132614611 -23.943750 -4.725000 12.393750 
138706152614611 -24.356251 -4.237500 10.631250 
138706172614611 -24.768751 -3.825000 9.318750 
138706192614611 -24.806252 -3.356250 8.287500 
138706212614611 -25.068750 -3.262500 7.687500 
138706232614611 -25.031252 -3.506250 7.387500 
138706252614611 -24.750002 -4.350000 7.893750 
138706272614611 -24.525002 -5.531250 8.343750 
138706292614611 -23.718750 -6.731250 9.431251 
138706312614611 -22.875000 -7.912500 10.743751 
138706332614611 -21.806252 -9.450001 12.318750 
138706352614611 -21.131250 -10.912500 13.687501 
138706372614611 -19.650002 -11.793751 14.775001 
138706392614611 -18.637501 -12.581250 16.256250 
138706412614611 -17.793751 -12.937501 17.287500 
138706432614611 -17.043751 -12.712501 18.543751 
138706452614611 -16.500000 -12.431251 19.481251 
138706472614611 -16.162500 -12.056251 20.418751 
138706492614611 -16.031250 -11.362500 21.168751 
138706512614611 -16.106251 -10.631250 21.712502 
138706532614611 -16.462502 -9.843750 22.050001 
138706552614611 -16.631250 -9.356251 22.012501 
138706572614611 -16.725000 -8.925000 21.768751 
138706592614611 -16.968750 -9.000000 21.450001 
138706612614611 -17.475000 -8.700001 20.943750 
138706632614611 -17.775002 -8.925000 20.175001 
138706652614611 -18.168751 -9.168751 19.162500 
138706672614611 -18.225000 -9.618751 18.318750 
138706692614611 -18.225000 -9.975000 17.550001 
138706712614611 -18.562500 -10.162500 16.593750 
138706732614611 -19.106251 -10.443750 15.918751 
138706752614611 -19.575001 -10.462501 15.150001 
138706772614611 -19.462502 -10.875000 14.381250 
138706792614611 -19.593750 -11.006250 13.912500 
138706812614611 -19.312500 -11.231251 13.762501 
138706832614611 -19.200001 -11.231251 13.650001 
138706852614611 -18.900002 -11.662500 13.500001 
138706872614611 -18.168751 -10.950001 13.368751 
138706892614611 -17.512501 -11.325001 13.856251 
138706912614611 -16.781250 -11.512501 14.268750 
138706932614611 -16.293751 -11.831250 15.112500 
138706952614611 -15.337501 -11.850000 16.012501 
138706972614611 -14.662500 -11.981251 17.006250 
138706992614611 -13.706250 -11.906250 17.868752 
138707012614611 -13.275001 -11.793751 18.543751 
138707032614611 -13.312501 -11.343750 19.256250 
138707052614611 -13.031251 -11.381250 19.631250 
138707072614611 -12.956250 -11.662500 19.987501 
138707092614611 -12.975000 -11.775001 19.856251 
138707112614611 -13.256250 -12.150001 20.025002 
138707132614611 -13.331250 -12.262501 19.912500 
138707152614611 -13.931251 -12.393750 19.725000 
138707172614611 -14.381250 -12.637501 19.481251 
138707192614611 -14.718751 -13.106251 18.937500 
138707212614611 -15.056251 -12.881250 18.675001 
138707232614611 -15.356251 -12.356251 18.543751 
138707252614611 -15.581250 -12.018750 18.562500 
138707272614611 -15.975000 -11.606251 18.243752 
138707292614611 -16.781250 -10.706250 17.868752 
138707312614611 -17.212502 -10.031250 17.231251 
138707332614611 -17.662500 -8.662500 16.668751 
138707352614611 -18.225000 -6.712500 15.993751 
138707372614611 -18.881250 -4.743750 14.812501 
138707392614611 -19.537500 -2.681250 13.387501 
138707412614611 -20.418751 -0.318750 11.456250 
138707432614611 -21.112501 1.987500 9.468750 
138707452614611 -21.468750 3.918750 7.500000 
138707472614611 -21.525002 5.531250 5.456250 
138707492614611 -21.487501 6.862500 3.656250 
138707512614611 -21.131250 7.537500 1.950000 
138707532614611 -20.812500 7.931250 0.543750 
138707552614611 -20.268751 7.968750 -1.368750 
138707572614611 -19.800001 7.800000 -2.643750 
138707592614611 -19.237501 7.462500 -4.031250 
138707612614611 -19.143751 6.825000 -5.268750 
138707632614611 -18.937500 6.131250 -6.075000 
138707652614611 -19.125000 5.081250 -6.675000 
138707672614611 -19.218750 3.918750 -7.237500 
138707692614611 -19.537500 2.718750 -7.575000 
138707712614611 -19.856251 1.275000 -7.856250 
138707732614611 -20.250000 -0.318750 -7.818750 
138707752614611 -20.493752 -1.875000 -7.537500 
138707772614611 -20.287500 -3.150000 -7.425000 
138707792614611 -20.625000 -4.293750 -7.293750 
138707812614611 -20.681252 -5.193750 -7.200000 
138707832614611 -21.037500 -5.456250 -7.237500 
138707852614611 -21.168751 -5.737500 -7.237500 
138707872614611 -21.243752 -5.625000 -7.087500 
138707892614611 -21.281250 -5.043750 -7.143750 
138707912614611 -21.375000 -4.106250 -6.900000 
138707932614611 -21.693750 -2.887500 -6.768750 
138707952614611 -21.656250 -1.387500 -6.787500 
138707972614611 -21.337502 1.012500 -6.431250 
138707992614611 -20.568750 3.318750 -5.718750 
138708012614611 -19.575001 6.000000 -5.006250 
138708032614611 -18.112501 9.018750 -4.425000 
138708052614611 -16.275002 11.981251 -3.450000 
138708072614611 -12.656251 14.925000 -2.475000 
138708092614611 -8.868751 17.137501 -1.162500 
138708112614611 -4.931250 19.293751 -0.900000 
138708132614611 -1.031250 20.118752 0.243750 
138708152614611 2.868750 20.343750 1.106250 
138708172614611 6.487500 20.175001 2.418750 
138708192614611 10.106251 19.556252 3.525000 
138708212614611 13.256250 18.487501 4.762500 
138708232614611 14.793751 17.306252 5.550000 
138708252614611 16.237501 16.125000 6.487500 
138708272614611 17.343750 15.206250 7.443750 
138708292614611 18.243752 14.362500 8.287500 
138708312614611 19.031250 13.443750 9.037500 
138708332614611 19.725000 12.787500 9.487500 
138708352614611 20.006250 12.075001 10.012501 
138708372614611 20.250000 11.418751 9.918751 
138708392614611 20.531250 11.137501 9.656250 
138708412614611 20.531250 11.006250 9.487500 
138708432614611 20.550001 11.043751 9.018750 
138708452614611 20.381250 11.418751 8.531250 
138708472614611 19.931252 12.093751 7.743750 
138708492614611 19.293751 12.975000 6.862500 
138708512614611 17.925001 14.400001 5.793750 
138708532614611 16.781250 15.975000 5.156250 
138708552614611 15.150001 17.437500 4.518750 
138708572614611 13.143750 18.956251 3.731250 
138708592614611 10.350000 20.287500 2.906250 
138708612614611 7.706250 21.243752 2.062500 
138708632614611 4.781250 22.012501 1.275000 
138708652614611 1.706250 22.237501 0.337500 
138708672614611 -1.481250 22.425001 -0.450000 
138708692614611 -4.518750 21.750000 -1.237500 
138708712614611 -7.293750 20.887501 -2.156250 
138708732614611 -9.712501 19.575001 -3.037500 
138708752614611 -11.700001 17.643751 -3.881250 
138708772614611 -13.518750 15.937501 -4.762500 
138708792614611 -14.906251 13.912500 -5.400000 
138708812614611 -16.200001 12.018750 -5.831250 
138708832614611 -17.118752 9.487500 -7.218750 
138708852614611 -18.112501 7.743750 -7.612500 
138708872614611 -18.806252 5.962500 -7.800000 
138708892614611 -19.481251 3.843750 -8.212501 
138708912614611 -20.437500 2.231250 -8.306251 
138708932614611 -20.700001 0.750000 -8.456250 
138708952614611 -21.037500 -0.581250 -8.400001 
138708972614611 -21.168751 -1.875000 -8.718750 
138708992614611 -21.168751 -2.887500 -8.812500 
138709012614611 -20.850000 -3.731250 -8.793751 
138709032614611 -20.793751 -4.143750 -8.981251 
138709052614611 -20.625000 -3.918750 -8.906250 
138709072614611 -20.531250 -3.450000 -9.206250 
138709092614611 -20.512501 -2.793750 -9.281250 
138709112614611 -20.250000 -0.900000 -9.037500 
138709132614611 -19.968750 0.862500 -8.737500 
138709152614611 -19.425001 2.812500 -8.493751 
138709172614611 -18.881250 4.706250 -8.325001 
138709192614611 -17.850000 7.312500 -8.400001 
138709212614611 -16.837502 9.375000 -8.156250 
138709232614611 -15.637501 11.156250 -8.175000 
138709252614611 -14.062501 13.050000 -7.575000 
138709272614611 -12.506250 14.643750 -6.806250 
138709292614611 -10.837501 15.956250 -5.962500 
138709312614611 -8.812500 17.400002 -5.193750 
138709332614611 -6.918750 18.750000 -4.556250 
138709352614611 -4.800000 19.856251 -3.281250 
138709372614611 -2.568750 20.568750 -2.250000 
138709392614611 -0.318750 21.243752 -1.125000 
138709412614611 1.800000 21.450001 0.056250 
138709432614611 3.731250 21.637501 1.331250 
138709452614611 5.831250 21.543751 2.343750 
138709472614611 7.237500 20.925001 3.787500 
138709492614611 8.925000 20.212502 5.250000 
138709512614611 9.993751 19.481251 6.393750 
138709532614611 11.062500 18.843750 7.481250 
138709552614611 11.850000 17.718750 8.550000 
138709572614611 12.393750 17.025002 9.581250 
138709592614611 12.862500 16.200001 9.993751 
138709612614611 13.237500 15.675000 10.387501 
138709632614611 13.556251 15.618751 10.256250 
138709652614611 13.462501 15.468751 9.825001 
138709672614611 13.556251 15.356251 9.112500 
138709692614611 13.162500 15.506250 8.493751 
138709712614611 12.468751 16.293751 7.650000 
138709732614611 11.812500 16.912500 6.468750 
138709752614611 10.912500 17.681252 5.156250 
138709772614611 9.750000 18.337502 3.806250 
138709792614611 8.512501 18.712502 2.156250 
138709812614611 7.293750 19.050001 0.862500 
138709832614611 5.737500 19.518751 -0.487500 
138709852614611 4.350000 19.668751 -1.668750 
138709872614611 2.887500 19.518751 -2.850000 
138709892614611 1.350000 19.537500 -3.956250 
138709912614611 -0.487500 19.275002 -5.025000 
138709932614611 -2.456250 19.068750 -6.075000 
138709952614611 -4.706250 18.618752 -6.600000 
138709972614611 -6.993750 18.225000 -7.406250 
138709992614611 -9.618751 17.193750 -7.762500 
138710012614611 -12.187501 15.956250 -8.250000 
138710032614611 -14.531251 14.531251 -8.550000 
138710052614611 -16.762501 12.825001 -8.812500 
138710072614611 -18.525002 10.781250 -8.812500 
138710092614611 -20.268751 8.812500 -9.150001 
138710112614611 -21.262501 6.618750 -9.506250 
138710132614611 -22.143751 4.481250 -9.525001 
138710152614611 -22.368752 2.812500 -9.993751 
138710172614611 -22.593750 1.481250 -10.387501 
138710192614611 -22.781250 0.281250 -10.912500 
138710212614611 -22.706251 -0.768750 -11.325001 
138710232614611 -22.818750 -0.975000 -11.718750 
138710252614611 -22.687500 -1.143750 -11.587501 
138710272614611 -22.837502 -0.618750 -11.400001 
138710292614611 -22.706251 0.543750 -11.306251 
138710312614611 -22.650002 2.043750 -10.912500 
138710332614611 -22.350000 3.993750 -10.762501 
138710352614611 -21.450001 6.206250 -10.218750 
138710372614611 -20.793751 8.512501 -10.031250 
138710392614611 -19.537500 10.818750 -9.750000 
138710412614611 -17.700001 13.050000 -9.693750 
138710432614611 -15.375001 15.262501 -9.806251 
138710452614611 -12.975000 17.043751 -9.731251 
138710472614611 -10.106251 18.356251 -9.675000 
138710492614611 -7.087500 19.331251 -9.356251 
138710512614611 -4.162500 19.893751 -9.000000 
138710532614611 -0.993750 20.268751 -8.587501 
138710552614611 2.006250 20.118752 -8.043751 
138710572614611 4.593750 19.875000 -7.275000 
138710592614611 6.881250 19.125000 -6.375000 
138710612614611 8.850000 18.206251 -5.662500 
138710632614611 10.856251 17.287500 -4.875000 
138710652614611 12.450001 16.200001 -3.937500 
138710672614611 13.631250 15.075001 -3.318750 
138710692614611 14.718751 14.006250 -2.325000 
138710712614611 15.562501 13.200001 -1.706250 
138710732614611 16.331251 12.318750 -0.975000 
138710752614611 17.062500 11.643750 -0.356250 
138710772614611 17.962502 11.137501 0.281250 
138710792614611 18.206251 10.781250 0.825000 
138710812614611 18.506250 10.556251 1.012500 
138710832614611 18.881250 10.612500 1.012500 
138710852614611 18.900002 10.893750 0.806250 
138710872614611 18.881250 11.212501 0.487500 
138710892614611 18.600000 11.850000 -0.187500 
138710912614611 18.037500 12.956250 -0.693750 
138710932614611 16.987501 14.025001 -1.518750 
138710952614611 16.050001 15.168751 -2.418750 
138710972614611 14.756250 16.575001 -3.243750 
138710992614611 13.218751 18.018751 -3.900000 
138711012614611 11.343750 19.406250 -4.837500 
138711032614611 9.018750 20.512501 -5.400000 
138711052614611 6.843750 21.562500 -5.906250 
138711072614611 4.087500 22.256250 -6.712500 
138711092614611 1.387500 22.668751 -7.406250 
138711112614611 -1.500000 22.893751 -8.193750 
138711132614611 -4.481250 22.556252 -9.037500 
138711152614611 -7.537500 22.031250 -9.787500 
138711172614611 -10.275001 20.850000 -10.256250 
138711192614611 -12.975000 19.668751 -10.968750 
138711212614611 -15.618751 18.018751 -11.568750 
138711232614611 -17.737501 16.143751 -12.000000 
138711252614611 -19.800001 14.343751 -11.981251 
138711272614611 -21.675001 12.168751 -12.037500 
138711292614611 -23.250000 9.900001 -11.718750 
138711312614611 -24.337502 7.706250 -11.718750 
138711332614611 -25.518751 5.756250 -11.550000 
138711352614611 -26.081251 4.012500 -11.268750 
138711372614611 -26.493752 2.456250 -11.006250 
138711392614611 -26.906252 1.256250 -10.762501 
138711412614611 -26.962502 0.412500 -10.856251 
138711432614611 -26.850000 -0.112500 -10.987500 
138711452614611 -26.812502 0.168750 -11.343750 
138711472614611 -26.887501 0.843750 -11.418751 
138711492614611 -26.625002 1.893750 -11.756250 
138711512614611 -26.306252 3.656250 -12.150001 
138711532614611 -25.668751 5.775000 -12.393750 
138711552614611 -24.956251 8.137501 -12.543751 
138711572614611 -23.962502 10.575001 -12.656251 
138711592614611 -22.518751 13.162500 -12.637501 
138711612614611 -20.456251 15.506250 -12.450001 
138711632614611 -18.337502 17.756250 -12.131250 
138711652614611 -15.731251 19.837502 -11.643750 
138711672614611 -12.956250 21.300001 -11.062500 
138711692614611 -10.012501 22.762501 -10.293751 
138711712614611 -6.881250 23.793751 -9.393750 
138711732614611 -3.037500 24.131250 -8.343750 
138711752614611 0.487500 24.225000 -6.881250 
138711772614611 3.768750 24.056252 -5.268750 
138711792614611 7.162500 23.418751 -3.393750 
138711812614611 10.106251 22.631250 -1.800000 
138711832614611 12.918751 21.768751 -0.131250 
138711852614611 15.056251 20.456251 1.237500 
138711872614611 17.175001 19.293751 2.568750 
138711892614611 18.150002 18.375000 3.600000 
138711912614611 19.200001 17.306252 4.462500 
138711932614611 19.912500 16.462502 5.006250 
138711952614611 20.512501 15.656251 5.100000 
138711972614611 20.906250 15.187501 5.231250 
138711992614611 21.018751 14.756250 5.287500 
138712012614611 21.187500 14.606251 5.193750 
138712032614611 21.037500 14.418751 4.800000 
138712052614611 21.187500 14.700001 4.556250 
138712072614611 20.775002 15.375001 4.106250 
138712092614611 20.550001 16.200001 3.506250 
138712112614611 19.968750 17.250000 2.643750 
138712132614611 19.256250 18.225000 1.837500 
138712152614611 18.450001 19.200001 0.506250 
138712172614611 17.287500 20.268751 -0.787500 
138712192614611 16.200001 21.393751 -1.931250 
138712212614611 14.118751 22.275002 -3.225000 
138712232614611 12.225000 23.231251 -4.406250 
138712252614611 9.656250 24.150002 -5.531250 
138712272614611 6.825000 25.031252 -6.600000 
138712292614611 3.693750 25.743752 -7.350000 
138712312614611 0.206250 26.325001 -7.687500 
138712332614611 -3.412500 26.531252 -8.043751 
138712352614611 -7.443750 26.193750 -8.531250 
138712372614611 -11.137501 25.481251 -8.850000 
138712392614611 -14.812501 24.018751 -9.093750 
138712412614611 -18.150002 21.993752 -9.243751 
138712432614611 -21.393751 19.368752 -9.056251 
138712452614611 -24.356251 16.368752 -9.131250 
138712472614611 -26.418751 13.368751 -8.831250 
138712492614611 -28.143751 10.106251 -8.437500 
138712512614611 -29.437502 7.162500 -7.725000 
138712532614611 -30.187502 4.068750 -6.693750 
138712552614611 -30.993752 1.537500 -5.962500 
138712572614611 -31.293751 -0.787500 -5.493750 
138712592614611 -31.256250 -2.625000 -5.156250 
138712612614611 -31.050001 -3.843750 -4.818750 
138712632614611 -31.181252 -4.631250 -4.837500 
138712652614611 -31.031252 -4.106250 -5.043750 
138712672614611 -31.012501 -2.850000 -5.456250 
138712692614611 -31.200001 -0.375000 -6.243750 
138712712614611 -30.787500 2.325000 -6.750000 
138712732614611 -30.337502 5.718750 -7.406250 
138712752614611 -29.325001 9.543751 -7.893750 
138712772614611 -28.068750 13.462501 -8.437500 
138712792614611 -26.193750 17.531250 -8.943750 
138712812614611 -23.943750 20.868752 -9.112500 
138712832614611 -20.793751 24.037500 -9.075001 
138712852614611 -16.950001 26.137501 -9.018750 
138712872614611 -12.918751 27.993752 -8.943750 
138712892614611 -8.531250 29.343752 -8.325001 
138712912614611 -4.275000 29.925001 -7.556250 
138712932614611 0.206250 30.075001 -6.525000 
138712952614611 4.293750 29.568750 -5.512500 
138712972614611 8.081250 28.725000 -4.256250 
138712992614611 11.456250 27.225000 -3.018750 
138713012614611 14.231251 25.987501 -1.762500 
138713032614611 16.725000 24.450001 -0.600000 
138713052614611 18.562500 22.743752 0.712500 
138713072614611 20.081251 21.318750 2.043750 
138713092614611 21.262501 19.968750 3.300000 
138713112614611 22.181252 18.600000 4.706250 
138713132614611 23.156250 17.287500 5.925000 
138713152614611 23.850000 16.275002 6.862500 
138713172614611 24.356251 15.243751 7.650000 
138713192614611 24.768751 14.850000 8.381250 
138713212614611 24.918751 14.850000 8.906250 
138713232614611 25.012501 15.243751 8.906250 
138713252614611 24.543751 15.900001 8.718750 
138713272614611 24.093752 17.118752 8.381250 
138713292614611 22.968750 18.750000 7.725000 
138713312614611 21.637501 20.925001 6.862500 
138713332614611 19.875000 23.512501 5.943750 
138713352614611 17.418751 25.725000 4.800000 
138713372614611 14.625001 28.050001 3.356250 
138713392614611 11.400001 29.081251 4.987500 
138713412614611 7.856250 30.600000 3.600000 
138713432614611 3.412500 31.181252 1.818750 
138713452614611 -0.731250 31.556252 0.131250 
138713472614611 -5.268750 31.612501 -0.093750 
138713492614611 -9.393750 30.150002 -1.631250 
138713512614611 -13.368751 28.518751 -3.112500 
138713532614611 -17.025002 26.043751 -4.425000 
138713552614611 -19.893751 23.268751 -5.775000 
138713572614611 -22.481251 20.100000 -7.218750 
138713592614611 -24.318750 16.368752 -8.512501 
138713612614611 -25.912500 12.712501 -9.468750 
138713632614611 -26.981251 8.868751 -10.256250 
138713652614611 -28.031252 5.400000 -10.931251 
138713672614611 -28.706251 1.968750 -11.606251 
138713692614611 -29.006250 -0.956250 -12.187501 
138713712614611 -29.156252 -3.937500 -12.806251 
138713732614611 -29.006250 -6.056250 -13.162500 
138713752614611 -28.968752 -7.031250 -13.425000 
138713772614611 -29.043751 -7.650000 -13.781251 
138713792614611 -29.100000 -7.368750 -13.931251 
138713812614611 -29.212502 -6.300000 -13.893750 
138713832614611 -29.381250 -4.593750 -13.968751 
138713852614611 -29.700001 -2.325000 -13.556251 
138713872614611 -29.681252 0.225000 -13.743751 
138713892614611 -29.643751 3.543750 -12.937501 
138713912614611 -29.175001 7.106250 -11.775001 
138713932614611 -27.881250 10.856251 -11.193750 
138713952614611 -26.306252 14.531251 -10.481251 
138713972614611 -24.056252 17.906250 -9.787500 
138713992614611 -21.581251 21.056252 -8.587501 
138714012614611 -18.506250 23.793751 -7.743750 
138714032614611 -15.431251 26.325001 -5.250000 
138714052614611 -12.000000 28.331251 -4.031250 
138714072614611 -8.568750 29.625002 -2.400000 
138714092614611 -5.118750 30.450001 -0.581250 
138714112614611 -1.893750 30.862501 1.200000 
138714132614611 1.406250 31.106251 3.075000 
138714152614611 4.612500 31.125002 4.518750 
138714172614611 7.556250 30.675001 6.206250 
138714192614611 10.237500 30.075001 7.612500 
138714212614611 12.693750 29.400002 8.868751 
138714232614611 14.793751 28.631250 9.937500 
138714252614611 16.387501 27.843752 11.081250 
138714272614611 18.262501 27.037500 11.756250 
138714292614611 19.425001 26.081251 12.525001 
138714312614611 20.325001 25.050001 13.331250 
138714332614611 21.075001 24.206251 13.856251 
138714352614611 21.843750 23.531250 14.418751 
138714372614611 22.181252 22.856251 14.831250 
138714392614611 22.387501 22.593750 14.812501 
138714412614611 22.575001 22.368752 14.606251 
138714432614611 22.181252 22.593750 14.025001 
138714452614611 21.656250 23.043751 13.462501 
138714472614611 20.925001 23.756250 12.562501 
138714492614611 19.856251 24.750002 11.925000 
138714512614611 17.793751 25.556252 9.787500 
138714532614611 15.750001 26.850000 8.700001 
138714552614611 13.237500 27.787500 7.968750 
138714572614611 10.406250 28.875002 6.993750 
138714592614611 7.631250 29.568750 6.112500 
138714612614611 4.425000 30.243752 5.287500 
138714632614611 0.956250 30.468752 4.425000 
138714652614611 -2.568750 30.206251 2.962500 
138714672614611 -5.925000 29.531252 1.650000 
138714692614611 -8.850000 28.387501 0.056250 
138714712614611 -11.006250 26.568750 -3.993750 
138714732614611 -13.612500 24.937502 -6.300000 
138714752614611 -15.618751 22.500000 -9.375000 
138714772614611 -16.968750 19.781250 -12.318750 
138714792614611 -17.287500 17.043751 -15.843751 
138714812614611 -17.062500 14.550000 -18.900002 
138714832614611 -16.612501 12.281251 -21.637501 
138714852614611 -15.337501 10.106251 -24.675001 
138714872614611 -13.125001 8.268750 -27.018751 
138714892614611 -10.612500 6.525000 -29.212502 
138714912614611 -8.137501 5.625000 -30.393751 
138714932614611 -5.306250 4.743750 -31.875002 
138714952614611 -2.700000 3.825000 -32.756252 
138714972614611 -0.243750 3.206250 -33.056252 
138714992614611 1.762500 3.000000 -33.206253 
138715012614611 3.675000 2.550000 -33.093750 
138715032614611 4.987500 2.193750 -33.281250 
138715052614611 6.618750 2.231250 -33.075001 
138715072614611 7.912500 2.081250 -33.937500 
138715092614611 8.962501 2.512500 -33.600002 
138715112614611 9.600000 3.187500 -33.318752 
138715132614611 10.406250 3.900000 -33.150002 
138715152614611 11.325001 4.556250 -33.037502 
138715172614611 12.168751 5.400000 -32.587502 
138715192614611 13.312501 6.150000 -31.781252 
138715212614611 13.968751 6.637500 -31.031252 
138715232614611 15.150001 7.368750 -30.168751 
138715252614611 15.937501 7.743750 -29.550001 
138715272614611 16.668751 7.893750 -29.081251 
138715292614611 17.287500 8.137501 -28.481251 
138715312614611 17.831251 8.287500 -27.993752 
138715332614611 18.393751 8.568750 -27.731251 
138715352614611 18.675001 8.887501 -27.468752 
138715372614611 19.031250 9.037500 -27.337502 
138715392614611 19.143751 9.037500 -27.281252 
138715412614611 18.975000 9.262501 -27.168751 
138715432614611 19.200001 9.431251 -27.000002 
138715452614611 19.125000 9.300000 -27.225000 
138715472614611 19.256250 9.375000 -27.131250 
138715492614611 19.125000 9.281250 -27.075001 
138715512614611 18.900002 9.075001 -27.262501 
138715532614611 18.750000 8.906250 -27.356251 
138715552614611 18.750000 8.906250 -27.225000 
