# Created at Thu Dec 04 21:57:27 GMT+08:00 2025 in Burnaby Canada 
138703952614583 -64.818756 41.962502 -8.925000 
138703972614583 -64.706253 41.756252 -8.981251 
138703992614583 -64.725006 41.625000 -9.112500 
138704012614583 -64.837502 41.456253 -9.225000 
138704032614583 -65.287506 41.343750 -9.281250 
138704052614583 -65.250000 41.268753 -9.131250 
138704072614583 -65.418755 41.156250 -9.093750 
138704092614583 -65.118752 41.212502 -8.831250 
138704112614583 -64.950005 40.968750 -8.850000 
138704132614583 -64.856255 40.575001 -8.868751 
138704152614583 -64.762505 40.350002 -8.643750 
138704172614583 -64.650002 39.993752 -8.512501 
138704192614583 -64.331253 39.581253 -8.325001 
138704212614583 -64.575005 39.318752 -8.381250 
138704232614583 -65.025002 39.093750 -8.287500 
138704252614583 -65.681252 38.718750 -8.550000 
138704272614583 -66.618752 38.587502 -8.418751 
138704292614583 -67.425003 38.531250 -8.418751 
138704312614583 -68.175003 38.493752 -8.512501 
138704332614583 -68.831253 38.643753 -8.718750 
138704352614583 -69.825005 38.737503 -8.812500 
138704372614583 -70.631256 38.868752 -8.868751 
138704392614583 -71.175003 39.150002 -9.000000 
138704412614583 -71.737503 39.431252 -8.718750 
138704432614299 -72.093750 39.806252 -8.906250 
138704452614611 -72.618752 40.256252 -8.943750 
138704472614611 -73.068756 40.668751 -8.925000 
138704492614611 -73.781250 40.931252 -8.756250 
138704512614611 -74.531250 41.250000 -8.606251 
138704532614611 -75.187500 41.493752 -8.175000 
138704552614611 -75.900002 41.981251 -7.893750 
138704572614611 -76.537506 42.225002 -7.800000 
138704592614611 -77.400002 42.356251 -7.350000 
138704612614611 -78.468750 42.393753 -7.181250 
138704632614611 -79.893753 42.206253 -6.768750 
138704652614611 -81.150002 42.206253 -6.262500 
138704672614611 -82.275002 42.450001 -5.418750 
138704692614611 -83.700005 42.618752 -4.687500 
138704712614611 -85.368752 42.862503 -3.618750 
138704732614611 -87.018753 43.350002 -2.493750 
138704752614611 -88.650002 43.912502 -1.106250 
138704772614611 -90.018753 44.625000 0.693750 
138704792614611 -91.293755 45.956253 2.906250 
138704812614611 -92.400002 47.437500 5.193750 
138704832614611 -93.206253 48.843754 7.575000 
138704852614611 -93.731255 50.343754 10.537500 
138704872614611 -93.750000 51.618752 13.950001 
138704892614611 -93.712502 52.762501 17.587502 
138704912614611 -93.468750 53.700001 21.112501 
138704932614611 -93.393753 54.637501 24.637501 
138704952614611 -93.281250 54.937504 27.543751 
138704972614611 -93.468750 54.693752 30.300001 
138704992614611 -94.275002 54.131252 32.437500 
138705012614611 -95.250000 53.212502 33.862503 
138705032614611 -96.506256 51.787502 34.331253 
138705052614611 -98.268753 50.081253 34.368752 
138705072614611 -100.068756 47.943752 33.825001 
138705092614611 -101.531258 44.962502 32.700001 
138705112614611 -102.787506 41.550003 31.500002 
138705132614611 -103.687508 38.100002 30.431252 
138705152614611 -103.462502 34.256252 29.493752 
138705172614611 -102.787506 30.487501 28.875002 
138705192614611 -101.718758 27.075001 29.006250 
138705212614611 -100.050003 24.056252 29.400002 
138705232614611 -97.687508 21.618752 30.300001 
138705252614611 -95.756256 19.837502 31.650002 
138705272614611 -93.693756 18.900002 32.887501 
138705292614611 -92.156250 18.675001 33.975002 
138705312614611 -91.406250 19.143751 35.118752 
138705332614611 -91.350006 20.175001 35.906250 
138705352614611 -91.687500 21.412500 36.018753 
138705372614611 -92.418755 23.231251 36.000000 
138705392614611 -93.581253 25.143751 35.268753 
138705412614611 -94.875000 27.675001 34.650002 
138705432614611 -96.431252 30.375002 33.393753 
138705452614611 -97.368752 32.962502 32.156250 
138705472614611 -98.231255 35.868752 30.675001 
138705492614611 -98.812508 38.868752 29.193750 
138705512614611 -98.643753 41.887501 28.012501 
138705532614611 -98.193756 44.343750 26.887501 
138705552614611 -97.650002 46.987503 26.362501 
138705572614611 -96.675003 49.256252 25.593752 
138705592614611 -95.306252 51.375004 25.837502 
138705612614611 -94.237503 53.006252 25.950001 
138705632614611 -93.150002 54.318752 26.756250 
138705652614611 -91.631256 55.425003 27.543751 
138705672614611 -90.975006 56.268753 28.781252 
138705692614611 -90.768753 56.568752 29.925001 
138705712614611 -91.593750 55.800003 31.162500 
138705732614611 -92.681252 54.600002 32.831253 
138705752614611 -94.368752 52.931252 33.956253 
138705772614611 -96.000000 51.168751 35.400002 
138705792614611 -97.537506 48.825001 36.750000 
138705812614611 -99.656258 45.843750 38.118752 
138705832614611 -101.418755 42.637501 39.037502 
138705852614611 -102.562508 39.600002 39.843750 
138705872614611 -102.581253 37.331253 40.706253 
138705892614611 -102.037506 35.362503 41.175003 
138705912614611 -101.193756 33.806252 41.756252 
138705932614611 -100.106255 32.475002 41.812500 
138705952614611 -99.187508 31.612501 41.606251 
138705972614611 -97.837502 31.425001 41.250000 
138705992614611 -96.806252 31.462502 40.650002 
138706012614611 -96.093758 31.987501 39.600002 
138706032614611 -95.737503 32.362503 38.231251 
138706052614611 -95.812500 32.737503 36.506252 
138706072614611 -96.000000 33.037502 34.912502 
138706092614611 -96.487503 33.712502 33.262501 
138706112614611 -96.581253 34.293751 31.556252 
138706132614611 -97.012505 34.575001 29.850000 
138706152614611 -97.443756 35.062500 28.087502 
138706172614611 -97.856255 35.475002 26.775002 
138706192614611 -97.875008 35.943752 25.743752 
138706212614611 -98.156258 36.037502 25.162500 
138706232614611 -98.118752 35.793751 24.843752 
138706252614611 -97.837502 34.950001 25.350000 
138706272614611 -97.612503 33.768753 25.818750 
138706292614611 -96.806252 32.568752 26.906252 
138706312614611 -95.943756 31.387501 28.200001 
138706332614611 -94.893753 29.850000 29.775002 
138706352614611 -94.200005 28.387501 31.143751 
138706372614611 -92.962502 27.318750 32.700001 
138706392614611 -91.950005 26.550001 34.200001 
138706412614611 -91.106255 26.175001 35.231251 
138706432614611 -90.356255 26.400002 36.487503 
138706452614611 -89.812500 26.700001 37.425003 
138706472614611 -89.306252 27.131250 38.418751 
138706492614611 -89.175003 27.825001 39.168751 
138706512614611 -89.231255 28.537500 39.712502 
138706532614611 -89.606255 29.343752 40.050003 
138706552614611 -89.756256 29.831251 40.012501 
138706572614611 -89.868752 30.243752 39.768753 
138706592614611 -90.112503 30.187502 39.450001 
138706612614611 -90.618752 30.487501 38.943752 
138706632614611 -90.918755 30.243752 38.175003 
138706652614611 -91.312500 30.018751 37.162502 
138706672614611 -91.368752 29.568750 36.318752 
138706692614611 -91.350006 29.193750 35.550003 
138706712614611 -91.687500 29.025002 34.593750 
138706732614611 -92.250000 28.725000 33.918751 
138706752614611 -92.700005 28.725000 33.150002 
138706772614611 -92.606255 28.293751 32.381252 
138706792614611 -92.737503 28.181252 31.912500 
138706812614611 -92.437500 27.956251 31.762501 
138706832614611 -92.343750 27.956251 31.650002 
138706852614611 -92.025002 27.525002 31.500002 
138706872614611 -91.368752 27.206251 31.781252 
138706892614611 -90.712502 26.831251 32.268753 
138706912614611 -89.981255 26.643751 32.681252 
138706932614611 -89.493752 26.325001 33.525002 
138706952614611 -88.537506 26.306252 34.443752 
138706972614611 -87.862503 26.175001 35.418751 
138706992614611 -86.906250 26.250002 36.300003 
138707012614611 -86.475006 26.362501 36.956253 
138707032614611 -86.212502 26.625002 37.743752 
138707052614611 -85.931252 26.606251 38.100002 
138707072614611 -85.856255 26.306252 38.456253 
138707092614611 -85.875000 26.193750 38.325001 
138707112614611 -86.156250 25.837502 38.493752 
138707132614611 -86.231255 25.706251 38.381252 
138707152614611 -86.831253 25.575001 38.193752 
138707172614611 -87.281250 25.331251 37.950001 
138707192614611 -87.618752 24.881250 37.425003 
138707212614611 -87.956253 25.087502 37.162502 
138707232614611 -88.312500 25.331251 36.975002 
138707252614611 -88.556252 25.668751 36.975002 
138707272614611 -88.931252 26.081251 36.656250 
138707292614611 -89.756256 26.981251 36.281250 
138707312614611 -90.337502 27.768751 35.831253 
138707332614611 -90.806252 29.137501 35.268753 
138707352614611 -91.668755 30.900002 34.781250 
138707372614611 -92.306252 32.868752 33.581253 
138707392614611 -92.793755 34.893753 32.231251 
138707412614611 -93.675003 37.237503 30.300001 
138707432614611 -94.387505 39.562500 28.312502 
138707452614611 -94.725006 41.493752 26.343752 
138707472614611 -94.800003 43.087502 24.300001 
138707492614611 -94.743752 44.418751 22.500000 
138707512614611 -94.387505 45.093750 20.793751 
138707532614611 -94.068756 45.487503 19.368752 
138707552614611 -93.881256 45.825001 17.943750 
138707572614611 -93.412506 45.656250 16.668751 
138707592614611 -92.850006 45.318752 15.281251 
138707612614611 -92.775002 44.681252 14.043751 
138707632614611 -92.550003 43.987503 13.256250 
138707652614611 -92.756256 42.937500 12.656251 
138707672614611 -92.793755 41.962502 12.037500 
138707692614611 -93.093750 40.762501 11.700001 
138707712614611 -93.412506 39.318752 11.418751 
138707732614611 -93.806252 37.725002 11.437500 
138707752614611 -94.050003 36.168751 11.737500 
138707772614611 -93.843750 34.893753 11.831250 
138707792614611 -94.181252 33.750000 11.962501 
138707812614611 -94.237503 32.850002 12.056251 
138707832614611 -94.593750 32.587502 12.018750 
138707852614611 -94.743752 32.306252 12.018750 
138707872614611 -94.800003 32.400002 12.168751 
138707892614611 -94.837502 33.000000 12.131250 
138707912614611 -95.231255 34.050003 12.300000 
138707932614611 -95.550003 35.268753 12.431251 
138707952614611 -95.381256 37.012501 12.712501 
138707972614611 -95.062500 39.412502 13.068750 
138707992614611 -94.312500 41.718750 13.781251 
138708012614611 -93.318756 44.400002 14.493751 
138708032614611 -91.856255 47.418751 15.075001 
138708052614611 -90.018753 50.381252 16.050001 
138708072614611 -86.512505 53.137501 17.156250 
138708092614611 -82.743752 55.350002 18.450001 
138708112614611 -78.975006 56.850002 19.687500 
138708132614611 -75.075005 57.693752 20.831251 
138708152614611 -71.231255 58.087502 21.750000 
138708172614611 -67.612503 57.918751 23.062500 
138708192614611 -63.993752 57.281254 24.168751 
138708212614611 -60.843754 56.231251 25.406252 
138708232614611 -59.250004 54.862503 26.362501 
138708252614611 -57.806252 53.700001 27.300001 
138708272614611 -56.700001 52.762501 28.256250 
138708292614611 -55.781254 51.918751 29.100000 
138708312614611 -55.012501 51.000004 29.868752 
138708332614611 -54.300003 50.362503 30.300001 
138708352614611 -54.037502 49.631252 30.825001 
138708372614611 -53.793751 48.975002 30.750002 
138708392614611 -53.493752 48.693752 30.468752 
138708412614611 -53.512501 48.562504 30.300001 
138708432614611 -53.493752 48.600002 29.831251 
138708452614611 -53.662502 48.975002 29.343752 
138708472614611 -54.093754 49.668751 28.556252 
138708492614611 -54.750004 50.550003 27.675001 
138708512614611 -55.800003 51.712502 26.718752 
138708532614611 -56.962502 53.306252 26.081251 
138708552614611 -58.575001 54.750004 25.462502 
138708572614611 -60.600002 56.268753 24.675001 
138708592614611 -63.018753 57.787502 23.850000 
138708612614611 -65.662506 58.743752 23.006250 
138708632614611 -68.606255 59.512501 22.200001 
138708652614611 -71.662506 59.737503 21.262501 
138708672614611 -74.756256 59.681252 20.550001 
138708692614611 -77.793755 59.006252 19.762501 
138708712614611 -80.681252 57.975002 18.918751 
138708732614611 -83.100006 56.662502 18.018751 
138708752614611 -85.087502 54.712502 17.193750 
138708772614611 -86.906250 53.006252 16.293751 
138708792614611 -88.293755 50.981251 15.656251 
138708812614611 -89.587502 49.106251 15.225000 
138708832614611 -90.506256 47.062500 14.625001 
138708852614611 -91.500000 45.318752 14.231251 
138708872614611 -92.175003 43.518753 14.043751 
138708892614611 -92.868752 41.400002 13.631250 
138708912614611 -93.450005 39.731251 13.462501 
138708932614611 -93.731255 38.250000 13.312501 
138708952614611 -94.050003 36.918751 13.387501 
138708972614611 -94.181252 35.625000 13.068750 
138708992614611 -94.181252 34.612503 12.975000 
138709012614611 -93.881256 33.768753 12.975000 
138709032614611 -93.825005 33.356251 12.806251 
138709052614611 -93.656250 33.581253 12.881250 
138709072614611 -93.543755 34.050003 12.581250 
138709092614611 -93.525002 34.706253 12.487500 
138709112614611 -93.150002 36.000000 12.337501 
138709132614611 -92.868752 37.762501 12.618751 
138709152614611 -92.325005 39.712502 12.862500 
138709172614611 -91.781250 41.606251 13.031251 
138709192614611 -90.881256 43.725002 13.068750 
138709212614611 -89.850006 45.806252 13.312501 
138709232614611 -88.537506 47.812500 13.725000 
138709252614611 -86.962502 49.706253 14.325001 
138709272614611 -85.406250 51.300003 15.093751 
138709292614611 -83.737503 52.631252 15.937501 
138709312614611 -81.712502 54.056252 16.706251 
138709332614611 -79.818756 55.406254 17.343750 
138709352614611 -77.700005 56.512501 18.618752 
138709372614611 -75.468750 57.225002 19.650002 
138709392614611 -73.218750 57.900002 20.775002 
138709412614611 -71.100006 58.125004 21.956251 
138709432614611 -69.168755 58.312504 23.231251 
138709452614611 -67.068756 58.200001 24.243752 
138709472614611 -65.662506 57.581253 25.687502 
138709492614611 -63.975002 56.887501 27.150002 
138709512614611 -62.906254 56.137501 28.293751 
138709532614611 -61.837502 55.500004 29.381250 
138709552614611 -61.050003 54.375004 30.450001 
138709572614611 -60.506252 53.681252 31.481251 
138709592614611 -60.037502 52.856251 31.893751 
138709612614611 -59.662502 52.331253 32.287502 
138709632614611 -59.343754 52.275002 32.156250 
138709652614611 -59.437504 52.125004 31.725000 
138709672614611 -59.343754 52.012501 31.012501 
138709692614611 -59.737503 52.162502 30.393751 
138709712614611 -60.431252 52.950001 29.550001 
138709732614611 -61.087502 53.568752 28.368752 
138709752614611 -61.987503 54.337502 27.056252 
138709772614611 -63.150002 55.012501 25.706251 
138709792614611 -64.387505 55.387501 24.056252 
138709812614611 -65.606255 55.706253 22.762501 
138709832614611 -67.162506 56.193752 21.412500 
138709852614611 -68.550003 56.325001 20.231251 
138709872614611 -70.012505 56.175003 19.050001 
138709892614611 -71.550003 56.212502 17.943750 
138709912614611 -73.387505 55.950001 16.875000 
138709932614611 -75.356255 55.725002 15.825001 
138709952614611 -77.606255 55.275002 15.300000 
138709972614611 -79.893753 54.881252 14.493751 
138709992614611 -82.518753 53.850002 14.137501 
138710012614611 -85.087502 52.612503 13.650001 
138710032614611 -87.431252 51.187504 13.350000 
138710052614611 -89.662506 49.481251 13.087501 
138710072614611 -91.425003 47.437500 13.087501 
138710092614611 -93.168755 45.468750 12.750001 
138710112614611 -94.162506 43.275002 12.393750 
138710132614611 -95.043755 41.137501 12.375001 
138710152614611 -95.268753 39.487503 11.906250 
138710172614611 -95.493752 38.137501 11.512501 
138710192614611 -95.681252 36.937500 10.987500 
138710212614611 -95.606255 35.887501 10.575001 
138710232614611 -95.718750 35.681252 10.181251 
138710252614611 -95.587502 35.512501 10.312500 
138710272614611 -95.737503 36.037502 10.500000 
138710292614611 -95.606255 37.200001 10.593750 
138710312614611 -95.550003 38.700001 10.987500 
138710332614611 -95.250000 40.650002 11.137501 
138710352614611 -94.350006 42.862503 11.681251 
138710372614611 -93.693756 45.168751 11.868751 
138710392614611 -92.437500 47.475002 12.150001 
138710412614611 -90.600006 49.706253 12.206250 
138710432614611 -88.275002 51.918751 12.093751 
138710452614611 -85.875000 53.718754 12.168751 
138710472614611 -83.006256 55.012501 12.225000 
138710492614611 -79.987503 55.987503 12.543751 
138710512614611 -77.062500 56.568752 12.900001 
138710532614611 -73.893753 56.943752 13.312501 
138710552614611 -70.893753 56.793751 13.856251 
138710572614611 -68.306252 56.531254 14.625001 
138710592614611 -66.018753 55.781254 15.525001 
138710612614611 -64.050003 54.862503 16.237501 
138710632614611 -62.043751 53.943752 17.025002 
138710652614611 -60.450001 52.875004 17.962502 
138710672614611 -59.268753 51.731251 18.581251 
138710692614611 -58.181252 50.662502 19.575001 
138710712614611 -57.337502 49.875004 20.193750 
138710732614611 -56.568752 48.975002 20.925001 
138710752614611 -55.837502 48.300003 21.543751 
138710772614611 -54.937504 47.793751 22.181252 
138710792614611 -54.693752 47.437500 22.725000 
138710812614611 -54.393753 47.212502 22.912500 
138710832614611 -54.018753 47.268753 22.912500 
138710852614611 -54.000004 47.568752 22.706251 
138710872614611 -54.018753 47.868752 22.387501 
138710892614611 -54.300003 48.506252 21.712502 
138710912614611 -54.862503 49.612503 21.206251 
138710932614611 -55.912502 50.681252 20.381250 
138710952614611 -56.850002 51.843754 19.481251 
138710972614611 -58.143753 53.250004 18.656250 
138710992614611 -59.681252 54.675003 18.000000 
138711012614611 -61.556252 56.062504 17.062500 
138711032614611 -63.881252 57.168751 16.500000 
138711052614611 -66.056252 58.218754 15.993751 
138711072614611 -68.812500 58.912502 15.187501 
138711092614611 -71.512505 59.325001 14.493751 
138711112614611 -74.400002 59.550003 13.706250 
138711132614611 -77.381256 59.212502 12.862500 
138711152614611 -80.437500 58.706253 12.112500 
138711172614611 -83.175003 57.506252 11.643750 
138711192614611 -85.875000 56.325001 10.931251 
138711212614611 -88.518753 54.693752 10.331250 
138711232614611 -90.637505 52.818752 9.900001 
138711252614611 -92.700005 51.000004 9.918751 
138711272614611 -94.575005 48.825001 9.862500 
138711292614611 -96.150002 46.556252 10.181251 
138711312614611 -97.237503 44.381252 10.181251 
138711332614611 -98.418755 42.412502 10.350000 
138711352614611 -98.981255 40.668751 10.631250 
138711372614611 -99.393753 39.112503 10.893750 
138711392614611 -99.806252 37.912502 11.137501 
138711412614611 -99.862503 37.087502 11.043751 
138711432614611 -99.750008 36.562500 10.912500 
138711452614611 -99.712502 36.825001 10.556251 
138711472614611 -99.787506 37.500000 10.481251 
138711492614611 -99.525002 38.550003 10.143750 
138711512614611 -99.206253 40.312500 9.750000 
138711532614611 -98.568756 42.431252 9.506250 
138711552614611 -97.856255 44.793751 9.356251 
138711572614611 -96.862503 47.231251 9.243751 
138711592614611 -95.418755 49.818752 9.262501 
138711612614611 -93.356255 52.162502 9.450001 
138711632614611 -91.237503 54.431252 9.768750 
138711652614611 -88.631256 56.493752 10.256250 
138711672614611 -85.856255 57.956253 10.837501 
138711692614611 -82.912506 59.418751 11.606251 
138711712614611 -79.781250 60.450001 12.506250 
138711732614611 -75.937500 60.806252 13.556251 
138711752614611 -72.412506 60.881252 15.018750 
138711772614611 -69.131256 60.712502 16.631250 
138711792614611 -65.737503 60.075001 18.506250 
138711812614611 -62.793751 59.287502 20.100000 
138711832614611 -59.981251 58.425003 21.768751 
138711852614611 -57.843754 57.131252 23.137501 
138711872614611 -55.725002 55.950001 24.468752 
138711892614611 -54.750004 55.031254 25.500002 
138711912614611 -53.700001 53.962502 26.362501 
138711932614611 -52.987503 53.118752 26.906252 
138711952614611 -52.387501 52.331253 27.000002 
138711972614611 -51.993752 51.843754 27.131250 
138711992614611 -51.881252 51.412502 27.187502 
138712012614611 -51.712502 51.262501 27.093752 
138712032614611 -51.862503 51.075001 26.700001 
138712052614611 -51.712502 51.356251 26.456251 
138712072614611 -52.125004 52.050003 26.006250 
138712092614611 -52.350002 52.856251 25.406252 
138712112614611 -52.931252 53.906254 24.543751 
138712132614611 -53.643753 54.881252 23.737501 
138712152614611 -54.450001 55.856251 22.406250 
138712172614611 -55.612503 56.925003 21.112501 
138712192614611 -56.700001 58.050003 19.968750 
138712212614611 -58.781254 58.931252 18.675001 
138712232614611 -60.675003 59.887501 17.493752 
138712252614611 -63.243752 60.806252 16.368752 
138712272614611 -66.075005 61.706253 15.300000 
138712292614611 -69.206253 62.400002 14.550000 
138712312614611 -72.693756 62.981251 14.212501 
138712332614611 -76.312500 63.206253 13.856251 
138712352614611 -80.343750 62.850002 13.368751 
138712372614611 -84.037506 62.137501 13.050000 
138712392614611 -87.712502 60.675003 12.806251 
138712412614611 -91.050003 58.668751 12.656251 
138712432614611 -94.293755 56.025002 12.843751 
138712452614611 -97.256256 53.025002 12.768750 
138712472614611 -99.318756 50.025002 13.068750 
138712492614611 -101.043755 46.781250 13.462501 
138712512614611 -102.337502 43.818752 14.175000 
138712532614611 -103.087502 40.725002 15.206250 
138712552614611 -103.893753 38.193752 15.937501 
138712572614611 -104.193756 35.887501 16.406250 
138712592614611 -104.156258 34.031250 16.743752 
138712612614611 -103.950005 32.812500 17.081251 
138712632614611 -104.081253 32.025002 17.062500 
138712652614611 -103.931252 32.550003 16.856251 
138712672614611 -103.912506 33.825001 16.443750 
138712692614611 -104.100006 36.281250 15.656251 
138712712614611 -103.687508 39.000000 15.150001 
138712732614611 -103.237503 42.375000 14.493751 
138712752614611 -102.225006 46.218750 14.006250 
138712772614611 -100.968758 50.118752 13.462501 
138712792614611 -99.093758 54.187504 12.956250 
138712812614611 -96.843758 57.525002 12.787500 
138712832614611 -93.693756 60.693752 12.825001 
138712852614611 -89.850006 62.793751 12.881250 
138712872614611 -85.818756 64.668755 12.956250 
138712892614611 -81.431252 66.000000 13.575001 
138712912614611 -77.175003 66.581253 14.343751 
138712932614611 -72.693756 66.731255 15.375001 
138712952614611 -68.606255 66.243752 16.387501 
138712972614611 -64.818756 65.381256 17.643751 
138712992614611 -61.443752 63.900002 18.881250 
138713012614611 -58.668751 62.643753 20.137501 
138713032614611 -56.175003 61.106251 21.300001 
138713052614611 -54.337502 59.400002 22.612501 
138713072614611 -52.818752 57.975002 23.943750 
138713092614611 -51.637501 56.625004 25.200001 
138713112614611 -50.718754 55.256252 26.606251 
138713132614611 -49.743752 53.943752 27.825001 
138713152614611 -49.050003 52.931252 28.762501 
138713172614611 -48.543751 51.900002 29.550001 
138713192614611 -48.131252 51.506252 30.281252 
138713212614611 -47.981251 51.506252 30.806252 
138713232614611 -47.887501 51.900002 30.806252 
138713252614611 -48.356251 52.556252 30.618752 
138713272614611 -48.806252 53.775002 30.281252 
138713292614611 -49.931252 55.406254 29.625002 
138713312614611 -51.262501 57.581253 28.762501 
138713332614611 -53.025002 60.168751 27.843752 
138713352614611 -55.481251 62.381252 26.700001 
138713372614611 -58.275002 64.706253 25.256250 
138713392614611 -61.856251 66.750000 23.943750 
138713412614611 -65.400002 68.287506 22.556252 
138713432614611 -69.675003 69.356255 20.718750 
138713452614611 -73.818756 69.712502 19.031250 
138713472614611 -78.468750 69.225006 17.418751 
138713492614611 -82.593750 67.781250 15.881250 
138713512614611 -86.568756 66.150002 14.400001 
138713532614611 -90.225006 63.656254 13.106251 
138713552614611 -93.093750 60.881252 11.756250 
138713572614611 -95.681252 57.712502 10.312500 
138713592614611 -97.631256 53.793751 9.262501 
138713612614611 -99.243752 50.156254 8.287500 
138713632614611 -100.312508 46.312500 7.500000 
138713652614611 -101.362503 42.825001 6.825000 
138713672614611 -101.850006 39.300003 6.337500 
138713692614611 -102.150002 36.356251 5.737500 
138713712614611 -102.300003 33.375000 5.137500 
138713732614611 -102.150002 31.275002 4.762500 
138713752614611 -102.112503 30.281252 4.500000 
138713772614611 -102.187508 29.662500 4.162500 
138713792614611 -102.225006 29.943750 4.012500 
138713812614611 -102.356255 31.031252 4.050000 
138713832614611 -102.525002 32.737503 3.975000 
138713852614611 -102.825005 35.006252 4.387500 
138713872614611 -103.012505 38.025002 4.800000 
138713892614611 -102.956253 41.343750 5.606250 
138713912614611 -102.375008 44.962502 6.337500 
138713932614611 -101.081253 48.712502 6.918750 
138713952614611 -99.337502 52.462502 7.687500 
138713972614611 -97.087502 55.818752 8.400001 
138713992614611 -94.593750 58.968754 9.581250 
138714012614611 -91.537506 61.725002 10.443750 
138714032614611 -88.143753 64.068756 11.850000 
138714052614611 -84.712502 66.056252 13.068750 
138714072614611 -81.168755 67.425003 14.531251 
138714092614611 -77.718750 68.250000 16.331251 
138714112614611 -74.493752 68.662506 18.112501 
138714132614611 -71.193756 68.906250 19.987501 
138714152614611 -67.987503 68.868752 21.731251 
138714172614611 -65.043755 68.400002 23.437500 
138714192614611 -62.362503 67.818756 24.825001 
138714212614611 -59.906254 67.125000 26.081251 
138714232614611 -57.806252 66.375000 27.168751 
138714252614611 -56.212502 65.587502 28.312502 
138714272614611 -54.468754 64.650002 29.343752 
138714292614611 -53.287502 63.693752 30.112501 
138714312614611 -52.406254 62.681252 30.900002 
138714332614611 -51.656254 61.818752 31.443750 
138714352614611 -50.887501 61.162502 31.987501 
138714372614611 -50.550003 60.468754 32.400002 
138714392614611 -50.343754 60.225002 32.400002 
138714412614611 -50.156254 60.000004 32.193752 
138714432614611 -50.550003 60.225002 31.593752 
138714452614611 -51.075001 60.656254 31.031252 
138714472614611 -51.787502 61.368752 30.131250 
138714492614611 -52.856251 62.362503 29.512501 
138714512614611 -54.750004 63.468754 28.462502 
138714532614611 -56.775002 64.762505 27.356251 
138714552614611 -59.306252 65.718750 26.625002 
138714572614611 -62.137501 66.806252 25.650002 
138714592614611 -64.912506 67.500000 24.768751 
138714612614611 -68.118752 68.175003 23.943750 
138714632614611 -71.418755 68.456253 22.725000 
138714652614611 -74.925003 68.193756 21.262501 
138714672614611 -78.281250 67.500000 19.950001 
138714692614611 -81.206253 66.375000 18.356251 
138714712614611 -83.850006 64.912506 16.162500 
138714732614611 -86.456253 63.281254 13.856251 
138714752614611 -88.593750 61.143753 11.137501 
138714772614611 -89.925003 58.425003 8.193750 
138714792614611 -90.431252 55.987503 5.212500 
138714812614611 -90.206253 53.493752 2.156250 
138714832614611 -89.268753 51.037502 -1.125000 
138714852614611 -88.012505 48.881252 -4.162500 
138714872614611 -85.781250 47.025002 -6.506250 
138714892614611 -83.268753 45.281250 -8.700001 
138714912614611 -80.550003 44.212502 -10.406250 
138714932614611 -77.718750 43.312500 -11.887501 
138714952614611 -75.112503 42.412502 -12.768750 
138714972614611 -72.675003 41.775002 -13.087501 
138714992614611 -70.650002 41.587502 -13.218751 
138715012614611 -68.737503 41.137501 -13.125001 
138715032614611 -67.425003 40.762501 -13.312501 
138715052614611 -65.793755 40.800003 -13.106251 
138715072614611 -64.743752 40.968750 -12.825001 
138715092614611 -63.693752 41.381252 -12.487500 
138715112614611 -63.056252 42.075001 -12.206250 
138715132614611 -62.268753 42.787502 -12.037500 
138715152614611 -61.331253 43.443752 -11.925000 
138715172614611 -60.487503 44.287502 -11.456250 
138715192614611 -59.343754 45.037502 -10.668751 
138715212614611 -58.687504 45.525002 -9.918751 
138715232614611 -57.693752 46.012501 -9.300000 
138715252614611 -56.906254 46.368752 -8.662500 
138715272614611 -56.156254 46.537502 -8.193750 
138715292614611 -55.556252 46.781250 -7.612500 
138715312614611 -55.012501 46.912502 -7.125000 
138715332614611 -54.450001 47.212502 -6.843750 
138715352614611 -54.168751 47.531250 -6.581250 
138715372614611 -53.812504 47.681252 -6.450000 
138715392614611 -53.700001 47.681252 -6.393750 
138715412614611 -53.868752 47.906250 -6.300000 
138715432614611 -53.643753 48.075001 -6.131250 
138715452614611 -53.718754 47.943752 -6.337500 
138715472614611 -53.587502 48.000000 -6.262500 
138715492614611 -53.718754 47.925003 -6.206250 
138715512614611 -53.943752 47.718750 -6.375000 
138715532614611 -54.093754 47.550003 -6.468750 
138715552614611 -54.093754 47.550003 -6.337500 
