# Created at Thu Dec 04 21:57:27 GMT+08:00 2025 in Burnaby Canada 
138703958957656 0.072044 0.102739 -0.243599 0.961724 
138703978792396 0.074458 0.101590 -0.247293 0.960718 
138703998696823 0.077402 0.095133 -0.253233 0.959596 
138704018545000 0.082311 0.084984 -0.256823 0.959185 
138704038391927 0.090793 0.075867 -0.257804 0.958920 
138704058341250 0.101736 0.071074 -0.259262 0.957795 
138704078165417 0.114581 0.074660 -0.261810 0.955372 
138704098074948 0.127846 0.082974 -0.262886 0.952706 
138704118045677 0.138384 0.088750 -0.264516 0.950262 
138704138347396 0.145038 0.090952 -0.270676 0.947322 
138704157787396 0.149606 0.090605 -0.281874 0.943367 
138704177950625 0.153219 0.080184 -0.297592 0.938877 
138704198156458 0.154671 0.056083 -0.318060 0.933638 
138704217578438 0.152378 0.024904 -0.342120 0.926826 
138704237753021 0.147945 0.003823 -0.362666 0.920076 
138704256489427 0.145395 -0.007137 -0.374446 0.915744 
138704277338750 0.140453 -0.016930 -0.382720 0.912963 
138704296237552 0.133887 -0.022783 -0.386868 0.912077 
138704316155313 0.126592 -0.025360 -0.388605 0.912311 
138704337139896 0.116502 -0.030691 -0.392680 0.911742 
138704357120990 0.105860 -0.038799 -0.398947 0.910009 
138704377487136 0.096867 -0.047329 -0.404520 0.908146 
138704395506250 0.090776 -0.052833 -0.410156 0.905944 
138704416006719 0.086386 -0.054982 -0.417116 0.903064 
138704436326695 0.080397 -0.057224 -0.421280 0.901543 
138704457483830 0.072006 -0.061864 -0.423735 0.900793 
138704475404507 0.063372 -0.068673 -0.427804 0.899021 
138704496585549 0.049853 -0.083846 -0.429592 0.897714 
138704514787893 0.034697 -0.101117 -0.429016 0.896933 
138704534680236 0.024529 -0.108417 -0.430338 0.895793 
138704556283361 0.016684 -0.117314 -0.431800 0.894144 
138704576500341 0.011747 -0.133237 -0.432304 0.891737 
138704594523414 0.006974 -0.156273 -0.429927 0.889178 
138704614015236 -0.004124 -0.188389 -0.425967 0.884845 
138704635119091 -0.024819 -0.222513 -0.426805 0.876118 
138704655983674 -0.049548 -0.250519 -0.430656 0.865574 
138704676648257 -0.072993 -0.274604 -0.433627 0.855069 
138704695956539 -0.097956 -0.301183 -0.434588 0.843026 
138704715201799 -0.131584 -0.328936 -0.433018 0.828738 
138704737035861 -0.175549 -0.347362 -0.431625 0.813646 
138704756296018 -0.227631 -0.355339 -0.432289 0.796733 
138704776021539 -0.287118 -0.357323 -0.434011 0.775379 
138704793791539 -0.357510 -0.342306 -0.439101 0.749510 
138704815432059 -0.436497 -0.306489 -0.445834 0.718423 
138704835657476 -0.524734 -0.259483 -0.442786 0.678592 
138704855377476 -0.612013 -0.210272 -0.424371 0.632766 
138704875411747 -0.686222 -0.161802 -0.398697 0.586000 
138704895384143 -0.740389 -0.114476 -0.380735 0.541649 
138704914561122 -0.775872 -0.060589 -0.379435 0.499969 
138704933451799 -0.796750 -0.004748 -0.392007 0.459510 
138704953755184 -0.809515 0.047338 -0.412677 0.414534 
138704974246903 -0.813129 0.086286 -0.441076 0.369578 
138704994159039 -0.806819 0.108985 -0.478649 0.328390 
138705013131434 -0.793515 0.118035 -0.521068 0.291005 
138705028338049 -0.779141 0.116601 -0.561001 0.253837 
138705047557893 -0.768030 0.102335 -0.594683 0.214038 
138705068924872 -0.760401 0.072076 -0.622032 0.171547 
138705087163518 -0.748650 0.027634 -0.648849 0.132130 
138705107578934 -0.730052 -0.027143 -0.675047 0.101390 
138705127294403 -0.713313 -0.092578 -0.690317 0.075656 
138705146957997 -0.699348 -0.161749 -0.694018 0.052675 
138705168448830 -0.688391 -0.225019 -0.688550 0.033725 
138705186782684 -0.679486 -0.283175 -0.676437 0.017689 
138705208180861 -0.002649 0.012453 -0.003648 0.003625 
138705226371695 0.655883 0.382789 0.650429 0.009847 
138705246826070 0.632526 0.420777 0.650050 0.013144 
138705266800080 0.007414 -0.007290 -0.001810 0.004042 
138705287652424 -0.575764 -0.479563 -0.661895 0.017163 
138705307597684 -0.552971 -0.500505 -0.664409 0.046543 
138705326379403 -0.534093 -0.514366 -0.665435 0.085188 
138705347096174 -0.520036 -0.519660 -0.665218 0.129786 
138705367168622 -0.509257 -0.520432 -0.660698 0.182026 
138705386878830 -0.500434 -0.518363 -0.651821 0.236273 
138705407051851 -0.492391 -0.511362 -0.640353 0.292949 
138705426678153 -0.485277 -0.495014 -0.629550 0.350532 
138705445305236 -0.484273 -0.466220 -0.617170 0.408595 
138705466812997 -0.497487 -0.430361 -0.596876 0.459151 
138705486494403 -0.522108 -0.395635 -0.567945 0.498096 
138705506267216 -0.549857 -0.357517 -0.536806 0.530519 
138705522996591 -0.579332 -0.311065 -0.507503 0.556601 
138705540963466 -0.610005 -0.257239 -0.482680 0.573079 
138705561866747 -0.638943 -0.199285 -0.461631 0.581947 
138705582069716 -0.662075 -0.144430 -0.448041 0.582960 
138705601896278 -0.682148 -0.090802 -0.442307 0.574952 
138705621793622 -0.700371 -0.034719 -0.439914 0.560812 
138705640887424 -0.718045 0.024604 -0.435066 0.542405 
138705660657164 -0.740113 0.099692 -0.444731 0.493532 
138705680121278 -0.767799 0.191080 -0.468374 0.391219 
138705701103674 -0.781626 0.271864 -0.488484 0.274930 
138705720908049 -0.783320 0.308830 -0.500082 0.202050 
138705738878518 -0.785314 0.300724 -0.511006 0.177934 
138705759766539 -0.789034 0.265445 -0.528282 0.166480 
138705780732424 -0.794631 0.213292 -0.548690 0.147389 
138705799301747 -0.795571 0.154633 -0.573674 0.117084 
138705821121382 -0.784739 0.093760 -0.606002 0.088177 
138705838254351 -0.767461 0.025907 -0.636248 0.071601 
138705859034507 -0.752539 -0.049141 -0.652913 0.067665 
138705878255861 -0.740885 -0.125973 -0.655822 0.068958 
138705898571278 -0.727568 -0.195753 -0.653522 0.070374 
138705918663830 -0.712048 -0.255535 -0.649717 0.073123 
138705938050080 -0.692599 -0.304998 -0.648886 0.077904 
138705958238257 -0.666414 -0.344200 -0.655413 0.087759 
138705978287736 -0.633979 -0.373263 -0.668890 0.105709 
138705997184091 -0.599385 -0.394963 -0.683952 0.129614 
138706017190549 -0.566956 -0.415820 -0.694085 0.154167 
138706041982111 -0.536395 -0.436489 -0.699013 0.181656 
138706060886382 -0.508645 -0.453193 -0.699324 0.216105 
138706081750445 -0.485202 -0.464097 -0.698002 0.248808 
138706100644924 -0.466951 -0.465049 -0.702066 0.269730 
138706119910393 -0.452160 -0.450498 -0.717896 0.277780 
138706140391486 -0.440547 -0.429323 -0.735874 0.282926 
138706159711070 -0.436390 -0.419119 -0.744071 0.283300 
138706179602007 -0.442547 -0.424820 -0.743576 0.265907 
138706199221799 -0.454775 -0.438318 -0.740725 0.228546 
138706219343518 -0.465808 -0.454142 -0.737799 0.179532 
138706239258986 -0.476801 -0.468480 -0.732649 0.127383 
138706259618674 -0.489484 -0.479469 -0.723864 0.079924 
138706279183049 -0.504125 -0.490136 -0.709768 0.041779 
138706299272111 -0.516812 -0.500778 -0.694218 0.010110 
138706319816278 0.527735 0.506862 0.681264 0.019792 
138706339917372 0.541699 0.506922 0.668656 0.049128 
138706358507528 0.560120 0.502648 0.654238 0.074208 
138706378786851 0.583719 0.491354 0.639619 0.092977 
138706398776226 0.612872 0.473572 0.623932 0.103565 
138706418429299 0.642112 0.455100 0.607837 0.104991 
138706438274872 0.668238 0.434253 0.594640 0.105874 
138706458194039 0.689819 0.407469 0.589000 0.105370 
138706478156174 0.708642 0.363639 0.597261 0.092733 
138706497155184 0.723880 0.300961 0.616452 0.071522 
138706516908570 0.727641 0.262738 0.631012 0.057519 
138706541204559 0.712069 0.286560 0.638506 0.054362 
138706560988934 0.686897 0.347189 0.635563 0.058143 
138706580298257 0.657705 0.400541 0.634970 0.060289 
138706600651799 0.627989 0.430026 0.646007 0.057399 
138706620541643 0.603756 0.446037 0.658710 0.050801 
138706640497059 0.585849 0.458566 0.666609 0.045886 
138706660670028 0.570988 0.465223 0.675243 0.039483 
138706680282164 0.556254 0.465993 0.687486 0.027531 
138706699886643 0.543000 0.464929 0.699118 0.014296 
138706720522893 0.535637 0.465230 0.704710 0.005732 
138706739866695 0.533467 0.468399 0.704280 0.001944 
138706759689195 0.530083 0.471484 0.704777 0.001133 
138706779193205 0.521422 0.476082 0.708135 0.000255 
138706799371018 0.513682 0.488154 0.705550 0.002402 
138706819358726 0.513964 0.510595 0.689087 0.014183 
138706838480966 0.516304 0.534279 0.668475 0.032414 
138706858550809 0.515148 0.549634 0.655828 0.048881 
138706878448466 0.517190 0.560105 0.644272 0.060646 
138706898402736 0.526420 0.572407 0.624164 0.074671 
138706918166278 0.537491 0.583683 0.601246 0.094113 
138706937960236 0.547609 0.588366 0.584543 0.110599 
138706958075601 0.558692 0.584163 0.576581 0.118973 
138706977755914 0.572805 0.572457 0.574118 0.120618 
138706997657268 0.586223 0.555864 0.576479 0.122451 
138707016988778 0.591923 0.534751 0.588846 0.129874 
138707031539195 0.588953 0.509802 0.610801 0.141663 
138707051397997 0.587162 0.485934 0.628116 0.156624 
138707071202424 0.602301 0.465095 0.626208 0.169420 
138707091142841 0.630325 0.443438 0.612639 0.175030 
138707111039143 0.651935 0.417697 0.609190 0.171278 
138707130817945 0.657113 0.388309 0.624665 0.164672 
138707150804039 0.646220 0.365169 0.649549 0.164543 
138707170628830 0.622550 0.372900 0.666575 0.170135 
138707190227789 0.593695 0.419094 0.665555 0.169231 
138707210829924 0.569592 0.481471 0.647828 0.154144 
138707230266539 0.549779 0.532881 0.630191 0.128294 
138707250549455 0.532574 0.564486 0.622768 0.098824 
138707270451434 0.516642 0.582575 0.624416 0.060307 
138707290364195 0.001451 0.000091 -0.001383 0.015808 
138707310284507 -0.505755 -0.582074 -0.633019 0.065626 
138707330140341 -0.514661 -0.561428 -0.631086 0.145583 
138707349933726 -0.521494 -0.524738 -0.634093 0.223940 
138707369883674 -0.517756 -0.474629 -0.649473 0.290588 
138707389249611 -0.506716 -0.429882 -0.663593 0.343294 
138707409600028 -0.488376 -0.404140 -0.668848 0.388130 
138707429537268 -0.465150 -0.392533 -0.668220 0.427690 
138707449408570 -0.442977 -0.395527 -0.659300 0.461022 
138707469292841 -0.419573 -0.416118 -0.638905 0.492358 
138707489302684 -0.391431 -0.446540 -0.609692 0.524785 
138707509032632 -0.355615 -0.480215 -0.575504 0.558050 
138707530917424 -0.314419 -0.509043 -0.541304 0.590532 
138707550224143 -0.272126 -0.527651 -0.508197 0.623708 
138707570701799 -0.230330 -0.531626 -0.477299 0.660500 
138707590614351 -0.187205 -0.537227 -0.449182 0.688746 
138707610399039 -0.134208 -0.572265 -0.422706 0.689483 
138707629857841 -0.071201 -0.623761 -0.397549 0.668836 
138707650146903 -0.014387 -0.665087 -0.376960 0.644276 
138707670042111 0.025244 -0.690255 -0.359058 0.627603 
138707689835705 0.050024 -0.702932 -0.344714 0.620096 
138707709881903 0.070461 -0.705488 -0.335315 0.620363 
138707729685601 0.096343 -0.701749 -0.327525 0.625249 
138707749521122 0.123060 -0.699584 -0.320385 0.626704 
138707768904247 0.137126 -0.707970 -0.312349 0.618373 
138707789013778 0.138065 -0.722446 -0.301238 0.606826 
138707809184039 0.131182 -0.732455 -0.288380 0.602594 
138707828577320 0.115782 -0.734246 -0.275990 0.609314 
138707848880914 0.089602 -0.729523 -0.264343 0.624339 
138707868861226 0.053600 -0.720973 -0.252698 0.642909 
138707888860289 0.008786 -0.711362 -0.238318 0.660984 
138707908447476 -0.045438 -0.703537 -0.216642 0.675109 
138707928407789 -0.108660 -0.697895 -0.184928 0.683059 
138707948258414 -0.179593 -0.692121 -0.142318 0.684092 
138707968210236 -0.252844 -0.682790 -0.088725 0.679302 
138707988165236 -0.322442 -0.667309 -0.025458 0.670446 
138708007973205 -0.386907 -0.643219 0.045061 0.658717 
138708032022111 -0.448469 -0.605272 0.118702 0.646328 
138708051253257 -0.510085 -0.553546 0.187710 0.630439 
138708071989716 -0.574328 -0.493160 0.240725 0.606908 
138708091795080 -0.637876 -0.430677 0.272663 0.576826 
138708111674664 -0.694041 -0.372402 0.288670 0.543948 
138708131371070 -0.740214 -0.323009 0.295079 0.510273 
138708151320601 -0.777169 -0.281699 0.297522 0.477410 
138708171157580 -0.805946 -0.246682 0.299695 0.446795 
138708190619039 -0.828941 -0.217852 0.299116 0.419309 
138708210312945 -0.847995 -0.195377 0.293902 0.395319 
138708230115445 -0.863948 -0.177714 0.285696 0.374613 
138708250720757 -0.876971 -0.163349 0.276835 0.357159 
138708270684924 -0.887009 -0.151650 0.270004 0.342480 
138708290637059 -0.893346 -0.144237 0.269464 0.329401 
138708310408257 -0.895081 -0.142725 0.277600 0.318407 
138708330143309 -0.892390 -0.146152 0.292033 0.311410 
138708350004351 -0.886964 -0.153508 0.308070 0.307898 
138708370136955 -0.880246 -0.164599 0.322247 0.306930 
138708390042789 -0.871442 -0.180610 0.334809 0.309570 
138708409812164 -0.859103 -0.202697 0.346607 0.317261 
138708429560497 -0.842753 -0.230483 0.356577 0.330756 
138708448849872 -0.822483 -0.262743 0.362491 0.350648 
138708469404299 -0.798665 -0.298059 0.363384 0.375609 
138708489451018 -0.771347 -0.335895 0.360353 0.402679 
138708509203153 -0.740519 -0.377539 0.353190 0.429095 
138708532925809 -0.705576 -0.423164 0.339897 0.455282 
138708551060341 -0.665401 -0.469309 0.321312 0.483153 
138708571697372 -0.619254 -0.512776 0.301138 0.512412 
138708591651278 -0.567051 -0.554232 0.281259 0.540202 
138708611282372 -0.509084 -0.594994 0.263166 0.563206 
138708632350080 -0.449462 -0.631245 0.245594 0.582131 
138708651124039 -0.391371 -0.662264 0.224961 0.597773 
138708670434247 -0.335368 -0.687335 0.200022 0.612224 
138708690892789 -0.280873 -0.706209 0.171288 0.626718 
138708710696851 -0.226412 -0.720694 0.140543 0.639782 
138708730546799 -0.171353 -0.733505 0.108716 0.648481 
138708749803257 -0.116827 -0.744858 0.076842 0.652219 
138708769744976 -0.064319 -0.754478 0.045851 0.651383 
138708789563830 -0.014151 -0.763059 0.015140 0.645831 
138708809452424 0.033356 -0.769728 -0.016671 0.637124 
138708829314820 0.076175 -0.771019 -0.049693 0.630154 
138708849344924 0.111564 -0.766203 -0.081244 0.627510 
138708869128934 0.138718 -0.759359 -0.109543 0.626141 
138708889092945 0.160173 -0.751975 -0.133665 0.625265 
138708909113309 0.180105 -0.743751 -0.150510 0.625864 
138708928855445 0.198949 -0.737821 -0.158082 0.625324 
138708948732893 0.213810 -0.736346 -0.158737 0.621991 
138708968604247 0.222994 -0.736926 -0.156231 0.618711 
138708988557841 0.225057 -0.737739 -0.151975 0.618055 
138709008391122 0.217682 -0.739812 -0.143619 0.620200 
138709020443570 0.200947 -0.743808 -0.128171 0.624412 
138709040270080 0.175724 -0.747983 -0.106492 0.631035 
138709060106330 0.141826 -0.751886 -0.080988 0.638632 
138709079893622 0.100146 -0.756690 -0.052677 0.643762 
138709099884664 0.053215 -0.761477 -0.021000 0.645489 
138709120213778 0.002831 -0.764797 0.013780 0.643920 
138709140179976 -0.050606 -0.765235 0.050894 0.639514 
138709159957684 -0.107176 -0.759823 0.088151 0.634907 
138709179858726 -0.167336 -0.746824 0.123141 0.631468 
138709199717320 -0.231412 -0.726656 0.154882 0.627745 
138709219594195 -0.297889 -0.700623 0.182972 0.621712 
138709239692372 -0.364687 -0.670321 0.207473 0.611752 
138709259437789 -0.429941 -0.636510 0.229551 0.597433 
138709279233622 -0.491500 -0.598922 0.251431 0.579764 
138709298677476 -0.547446 -0.558359 0.273674 0.559729 
138709319022841 -0.598095 -0.517001 0.291893 0.538039 
138709338404664 -0.645044 -0.477188 0.305339 0.512533 
138709358622372 -0.689634 -0.437724 0.312163 0.484861 
138709378407997 -0.732049 -0.397224 0.306306 0.460691 
138709398298205 -0.772624 -0.356143 0.285074 0.441217 
138709418178257 -0.809869 -0.316713 0.255547 0.422199 
138709438319351 -0.840340 -0.280720 0.229946 0.402471 
138709458031486 -0.861718 -0.250085 0.214306 0.385859 
138709478005497 -0.875339 -0.227025 0.207053 0.373269 
138709497179247 -0.884548 -0.211447 0.205709 0.361283 
138709516716330 -0.891232 -0.201260 0.208189 0.349059 
138709541828466 -0.895089 -0.195941 0.212921 0.339237 
138709561453830 -0.895591 -0.196485 0.219266 0.333509 
138709581342268 -0.893001 -0.203385 0.225264 0.332312 
138709601217476 -0.887455 -0.215224 0.229297 0.336906 
138709621350393 -0.878368 -0.231285 0.232593 0.347613 
138709641263466 -0.864889 -0.251666 0.236813 0.363977 
138709660608726 -0.846334 -0.276236 0.242442 0.385386 
138709680730132 -0.822241 -0.304998 0.249283 0.410611 
138709700126695 -0.792676 -0.337941 0.257314 0.437097 
138709720212372 -0.757081 -0.375934 0.267068 0.462528 
138709740489143 -0.715248 -0.419490 0.277422 0.484962 
138709760254664 -0.668062 -0.468734 0.286419 0.501606 
138709780172789 -0.617665 -0.520004 0.291439 0.512655 
138709800458205 -0.566518 -0.568116 0.291985 0.520331 
138709820047841 -0.515703 -0.611379 0.287765 0.526483 
138709839614872 -0.465516 -0.649207 0.276280 0.534075 
138709859661747 -0.414945 -0.681213 0.255911 0.545900 
138709879357528 -0.363163 -0.707011 0.228013 0.562113 
138709899595289 -0.310845 -0.726682 0.195360 0.580392 
138709918679507 -0.258040 -0.742274 0.160519 0.596983 
138709938831539 -0.203191 -0.758132 0.123920 0.606861 
138709958683986 -0.146157 -0.775791 0.083953 0.607779 
138709978646122 -0.088788 -0.791360 0.042025 0.603135 
138709998392059 -0.033415 -0.801327 0.003018 0.597057 
138710017404091 0.017599 -0.805827 -0.030309 0.590935 
138710041241330 0.062619 -0.805726 -0.058487 0.585925 
138710061096070 0.101157 -0.802209 -0.083325 0.582381 
138710080991018 0.134417 -0.795841 -0.104838 0.580937 
138710100883361 0.163025 -0.787176 -0.121803 0.582133 
138710120689768 0.185829 -0.778638 -0.133837 0.584160 
138710140572372 0.202528 -0.771028 -0.142024 0.586779 
138710160532372 0.212725 -0.764866 -0.146545 0.590125 
138710180482945 0.214855 -0.762138 -0.146449 0.592903 
138710200156226 0.207670 -0.763446 -0.141141 0.595054 
138710220157841 0.190359 -0.768051 -0.131080 0.597189 
138710240030861 0.163461 -0.776186 -0.115305 0.597855 
138710259872684 0.130696 -0.787941 -0.090711 0.594722 
138710279764455 0.094059 -0.802399 -0.055179 0.586548 
138710299723309 0.052417 -0.816389 -0.009430 0.574780 
138710319564403 0.006457 -0.825170 0.042292 0.562968 
138710339362216 -0.042439 -0.826179 0.094420 0.553519 
138710359315236 -0.093526 -0.819773 0.143612 0.546150 
138710379243466 -0.147360 -0.806962 0.186941 0.540215 
138710399553570 -0.206157 -0.787639 0.223147 0.535709 
138710419568674 -0.270853 -0.762327 0.252878 0.530247 
138710439121747 -0.339273 -0.731579 0.277617 0.521729 
138710459191955 -0.407445 -0.696085 0.298553 0.509814 
138710478828361 -0.472489 -0.657243 0.314447 0.495510 
138710498714611 -0.533387 -0.617130 0.323329 0.479338 
138710517392580 -0.588514 -0.578096 0.328429 0.459673 
138710531692580 -0.635618 -0.540587 0.336445 0.436248 
138710551049924 -0.674967 -0.502889 0.350069 0.410795 
138710571467111 -0.707265 -0.466020 0.365499 0.385791 
138710591205393 -0.733724 -0.431795 0.377196 0.364414 
138710610688622 -0.756471 -0.400575 0.383228 0.346882 
138710631021226 -0.777457 -0.372296 0.382447 0.332580 
138710650995445 -0.797230 -0.346763 0.376362 0.320092 
138710670945966 -0.815234 -0.323091 0.368348 0.308654 
138710690656695 -0.830161 -0.301895 0.361121 0.298735 
138710710020653 -0.841428 -0.283617 0.355567 0.291732 
138710729918934 -0.848492 -0.268887 0.353177 0.288126 
138710749777789 -0.851038 -0.259616 0.354213 0.287861 
138710769654507 -0.848648 -0.258398 0.357454 0.291972 
138710789531070 -0.841517 -0.266183 0.360789 0.301336 
138710809397007 -0.830019 -0.281969 0.363599 0.315132 
138710829273778 -0.813860 -0.304440 0.366800 0.332149 
138710849197111 -0.792962 -0.332439 0.369722 0.351970 
138710869056486 -0.767431 -0.365417 0.370522 0.374267 
138710888959039 -0.737178 -0.402981 0.367919 0.398259 
138710908778518 -0.702130 -0.444349 0.361864 0.422356 
138710928639664 -0.662652 -0.487630 0.352708 0.445473 
138710948581903 -0.619212 -0.530731 0.341682 0.466781 
138710968622268 -0.572333 -0.571927 0.328741 0.486811 
138710988377789 -0.522938 -0.610373 0.312239 0.506170 
138711008260080 -0.474118 -0.643241 0.290564 0.526092 
138711031177528 -0.429892 -0.665033 0.260685 0.552015 
138711051035289 -0.389088 -0.676257 0.222096 0.584524 
138711070674872 -0.345486 -0.681749 0.182371 0.618335 
138711090753986 -0.296733 -0.691268 0.154912 0.640209 
138711110651486 -0.241544 -0.704426 0.129597 0.654503 
138711130501695 -0.182638 -0.719680 0.102901 0.661699 
138711150605393 -0.125408 -0.734969 0.077214 0.661731 
138711170297111 -0.072551 -0.750723 0.054037 0.654238 
138711189893049 -0.025889 -0.766270 0.033604 0.640987 
138711209965705 0.015343 -0.779372 0.015222 0.626084 
138711229847684 0.052253 -0.788670 -0.002580 0.612498 
138711250447320 0.084971 -0.794831 -0.021443 0.600396 
138711270208882 0.113414 -0.797315 -0.040366 0.591381 
138711290128986 0.137294 -0.797356 -0.056989 0.584877 
138711309528049 0.156769 -0.796030 -0.069447 0.580440 
138711329891434 0.171487 -0.793349 -0.077183 0.578984 
138711349697893 0.179430 -0.790061 -0.080332 0.580650 
138711369626695 0.179350 -0.787123 -0.079606 0.584748 
138711388920341 0.171152 -0.783966 -0.075146 0.591980 
138711409304299 0.154705 -0.780555 -0.066779 0.601914 
138711429223101 0.129751 -0.778224 -0.053360 0.612055 
138711449084768 0.097417 -0.777833 -0.033271 0.619892 
138711469108830 0.060204 -0.778890 -0.006027 0.624115 
138711488798361 0.020621 -0.779970 0.026737 0.624766 
138711508698570 -0.020842 -0.778775 0.061381 0.623797 
138711531451174 -0.065013 -0.773188 0.094266 0.623599 
138711551098882 -0.112286 -0.762344 0.123129 0.625190 
138711571423153 -0.162573 -0.746704 0.147349 0.627756 
138711591341903 -0.215380 -0.727379 0.167670 0.629438 
138711610582632 -0.270202 -0.705740 0.185500 0.627909 
138711630601955 -0.327226 -0.682244 0.202807 0.621342 
138711651166643 -0.386590 -0.656945 0.221137 0.608082 
138711670816278 -0.446892 -0.628823 0.240848 0.588668 
138711690741070 -0.505991 -0.596666 0.261046 0.565225 
138711710590601 -0.563056 -0.560071 0.277736 0.540198 
138711730666278 -0.619310 -0.520214 0.285965 0.513530 
138711750355601 -0.673860 -0.479598 0.284870 0.484169 
138711770480028 -0.722537 -0.439753 0.277804 0.455106 
138711790102736 -0.760625 -0.402850 0.270611 0.431008 
138711809691695 -0.787324 -0.370327 0.266559 0.414525 
138711829923986 -0.805641 -0.342792 0.264754 0.404085 
138711849792736 -0.818661 -0.319349 0.263265 0.398074 
138711869774039 -0.828359 -0.298337 0.261295 0.395617 
138711889481434 -0.835808 -0.280174 0.259199 0.394620 
138711909381486 -0.841480 -0.266607 0.258180 0.392641 
138711929258726 -0.845469 -0.258431 0.259360 0.388745 
138711949240809 -0.847256 -0.256498 0.263929 0.383016 
138711969001747 -0.845887 -0.261200 0.272526 0.376784 
138711988850861 -0.841071 -0.271595 0.283289 0.372239 
138712008776799 -0.833026 -0.286262 0.293398 0.371501 
138712021444924 -0.821874 -0.304017 0.300677 0.376366 
138712040960289 -0.806826 -0.324754 0.305934 0.387178 
138712061317789 -0.786859 -0.348229 0.310729 0.403660 
138712081214611 -0.762024 -0.374022 0.316117 0.423528 
138712100785601 -0.733355 -0.401281 0.323090 0.443445 
138712121023726 -0.701527 -0.429087 0.332355 0.461667 
138712140398466 -0.665904 -0.459229 0.342490 0.477707 
138712160318778 -0.625485 -0.495176 0.349655 0.491001 
138712180250184 -0.579639 -0.537890 0.350676 0.501429 
138712199986434 -0.528484 -0.585765 0.344418 0.508541 
138712219909455 -0.474138 -0.634823 0.330294 0.512581 
138712239777684 -0.419188 -0.679505 0.308581 0.516712 
138712259659768 -0.364887 -0.715722 0.280277 0.525097 
138712279586226 -0.311145 -0.742000 0.246715 0.539856 
138712299516643 -0.257208 -0.759209 0.210696 0.559237 
138712319242424 -0.202650 -0.770593 0.174917 0.578124 
138712339081851 -0.147508 -0.779910 0.140943 0.591477 
138712358993674 -0.093373 -0.788661 0.109565 0.597535 
138712378860184 -0.041671 -0.797611 0.080537 0.596136 
138712399000549 0.006852 -0.806553 0.053566 0.588525 
138712418737789 0.052034 -0.815505 0.029316 0.575511 
138712438613153 0.092929 -0.824237 0.007675 0.558381 
138712458452216 0.129682 -0.831847 -0.012636 0.539376 
138712478249976 0.161615 -0.837054 -0.031687 0.521657 
138712498049924 0.186982 -0.839121 -0.048562 0.508431 
138712517798257 0.205306 -0.837827 -0.063592 0.501820 
138712540906018 0.216846 -0.833367 -0.075875 0.502699 
138712560760028 0.221537 -0.827717 -0.084060 0.508658 
138712580624611 0.217444 -0.823842 -0.086594 0.516230 
138712600498205 0.201334 -0.822487 -0.080833 0.525734 
138712620501434 0.169932 -0.823600 -0.063442 0.537250 
138712640443570 0.123734 -0.826623 -0.032914 0.547757 
138712660263882 0.068598 -0.827473 0.008034 0.556937 
138712680068778 0.012367 -0.822386 0.053927 0.565939 
138712699765080 -0.039014 -0.811810 0.097872 0.574101 
138712719799768 -0.085244 -0.798316 0.134858 0.580540 
138712739685132 -0.130850 -0.783680 0.163660 0.584590 
138712759596695 -0.179087 -0.768001 0.186285 0.585832 
138712779440289 -0.231007 -0.750459 0.205513 0.583936 
138712799351434 -0.287315 -0.729135 0.223592 0.579260 
138712819177684 -0.347860 -0.702523 0.241000 0.571882 
138712839045445 -0.410527 -0.669980 0.256978 0.562323 
138712858942424 -0.472341 -0.633067 0.271234 0.549728 
138712878840497 -0.530534 -0.594411 0.285225 0.532471 
138712898703414 -0.583444 -0.556321 0.301614 0.508733 
138712918567059 -0.632073 -0.518915 0.317821 0.479482 
138712938466070 -0.675815 -0.483472 0.327993 0.449130 
138712958437268 -0.711879 -0.452608 0.330410 0.423152 
138712978300966 -0.739498 -0.426133 0.328755 0.404203 
138712998099507 -0.762291 -0.400085 0.325901 0.390569 
138713017286122 -0.784730 -0.370348 0.320923 0.379394 
138713040967424 -0.808576 -0.336279 0.311172 0.368995 
138713060871486 -0.832750 -0.299418 0.295389 0.359821 
138713080844872 -0.854723 -0.263177 0.275138 0.352639 
138713100537528 -0.871203 -0.232154 0.255961 0.348596 
138713120481643 -0.880079 -0.211501 0.245372 0.347141 
138713140392893 -0.880919 -0.205265 0.247550 0.347221 
138713160272841 -0.874497 -0.213055 0.259174 0.350230 
138713179311382 -0.863225 -0.230752 0.270853 0.358029 
138713199886591 -0.850099 -0.253996 0.274006 0.371041 
138713219840236 -0.835288 -0.280470 0.267999 0.389495 
138713239749768 -0.816261 -0.308778 0.257315 0.414752 
138713259651226 -0.791323 -0.337739 0.247106 0.445539 
138713280114716 -0.760998 -0.367381 0.240389 0.477427 
138713299878518 -0.725988 -0.399707 0.236601 0.506933 
138713319220601 -0.685879 -0.436728 0.232472 0.533420 
138713339664872 -0.640500 -0.478461 0.225327 0.556564 
138713359370705 -0.591127 -0.522813 0.213016 0.575790 
138713379445236 -0.539237 -0.567065 0.196013 0.590686 
138713399174039 -0.485270 -0.608043 0.175954 0.602920 
138713419180861 -0.429260 -0.643414 0.154196 0.614546 
138713438961070 -0.371854 -0.673905 0.132314 0.624316 
138713459010445 -0.313604 -0.697382 0.107983 0.635101 
138713478840549 -0.254344 -0.712845 0.079374 0.648503 
138713498616122 -0.194180 -0.722469 0.050780 0.661410 
138713517384403 -0.134288 -0.729597 0.025135 0.669894 
138713540755757 -0.076018 -0.735932 0.002798 0.672592 
138713561183049 -0.020145 -0.742601 -0.016823 0.669058 
138713581191591 0.032722 -0.749698 -0.034502 0.659921 
138713600967268 0.081850 -0.755813 -0.051603 0.647466 
138713620799664 0.126175 -0.759307 -0.068794 0.634556 
138713640800966 0.164225 -0.759224 -0.086311 0.623746 
138713660718674 0.195270 -0.754701 -0.103711 0.617631 
138713680566330 0.220118 -0.745845 -0.120508 0.617001 
138713700161747 0.236228 -0.736272 -0.133067 0.619981 
138713719663882 0.238950 -0.731542 -0.135755 0.623953 
138713739549611 0.228192 -0.734256 -0.126880 0.626631 
138713760059507 0.206857 -0.741504 -0.109869 0.628680 
138713779848570 0.175292 -0.749153 -0.089860 0.632337 
138713799699039 0.133390 -0.754963 -0.068665 0.638240 
138713819546382 0.083478 -0.759340 -0.044329 0.643618 
138713839248049 0.028972 -0.762670 -0.014463 0.645771 
138713859275289 -0.027102 -0.763927 0.020660 0.644178 
138713879767528 -0.083193 -0.761246 0.058212 0.640236 
138713898898518 -0.140115 -0.752315 0.094005 0.636596 
138713919045601 -0.199118 -0.735613 0.124393 0.635181 
138713938109351 -0.259578 -0.712476 0.147185 0.634846 
138713958866643 -0.321561 -0.684153 0.162564 0.633866 
138713978689924 -0.385520 -0.651915 0.171306 0.629833 
138713998297893 -0.450828 -0.616527 0.176080 0.620707 
138714017085341 -0.515009 -0.578571 0.179774 0.606083 
138714031436070 -0.574904 -0.538972 0.183399 0.587392 
138714051260341 -0.628380 -0.499403 0.187037 0.566110 
138714071168414 -0.642390 -0.504118 0.226314 0.530826 
138714091087736 -0.651912 -0.510989 0.261900 0.495122 
138714110877268 -0.659376 -0.517027 0.292539 0.460650 
138714130706382 -0.663911 -0.524384 0.319469 0.426709 
138714150622580 -0.668288 -0.530167 0.339965 0.395801 
138714169963205 -0.674792 -0.531419 0.352393 0.371499 
138714190332945 -0.677851 -0.535357 0.361264 0.351223 
138714210116591 -0.682047 -0.537048 0.364153 0.337258 
138714230316851 -0.684978 -0.540923 0.364749 0.324229 
138714249987216 -0.689959 -0.543170 0.362617 0.312077 
138714269388882 -0.696575 -0.542643 0.359323 0.301963 
138714289343257 -0.700736 -0.542083 0.359211 0.293382 
138714309373049 -0.695966 -0.549016 0.366426 0.282739 
138714329553414 -0.693653 -0.549522 0.373879 0.277624 
138714349494039 -0.685130 -0.555831 0.384112 0.272183 
138714369227997 -0.671014 -0.567002 0.394955 0.268748 
138714388657268 -0.651762 -0.581195 0.404025 0.272276 
138714409089195 -0.628826 -0.595792 0.409584 0.285966 
138714428936330 -0.601952 -0.610990 0.412223 0.307114 
138714448809976 -0.572126 -0.625886 0.412653 0.332476 
138714468696955 -0.540908 -0.639352 0.410205 0.360908 
138714488563518 -0.507869 -0.651948 0.406781 0.389145 
138714508447632 -0.470996 -0.665436 0.404215 0.414517 
138714531592945 -0.427874 -0.681833 0.401872 0.436286 
138714550677216 -0.376900 -0.701467 0.397537 0.455654 
138714571078101 -0.318644 -0.721637 0.390002 0.474681 
138714590309664 -0.255338 -0.738782 0.379694 0.494504 
138714610871486 -0.191486 -0.751078 0.365003 0.515451 
138714630679039 -0.129206 -0.755906 0.345316 0.540699 
138714650679299 -0.067296 -0.749747 0.322222 0.573719 
138714670474820 -0.005634 -0.730009 0.296831 0.615229 
138714690346539 0.053395 -0.696822 0.270247 0.661879 
138714709702632 0.107525 -0.653981 0.245212 0.707231 
138714729674924 0.155553 -0.605114 0.223581 0.747836 
138714749431122 0.197535 -0.552635 0.206172 0.782761 
138714769426903 0.232926 -0.496075 0.192549 0.813784 
138714789243361 0.260707 -0.434796 0.183823 0.841941 
138714809135549 0.280331 -0.370189 0.181243 0.866729 
138714829015289 0.291926 -0.306540 0.183414 0.887082 
138714848821070 0.297808 -0.248983 0.187338 0.902242 
138714868693414 0.300802 -0.201826 0.190627 0.912323 
138714888585861 0.303244 -0.163694 0.193427 0.918562 
138714908533674 0.305765 -0.130581 0.197306 0.922206 
138714928473986 0.307119 -0.100588 0.202698 0.924351 
138714948319247 0.307426 -0.076393 0.206953 0.925634 
138714968221486 0.307816 -0.059939 0.208730 0.926325 
138714988118830 0.307353 -0.049593 0.209386 0.926945 
138715007895549 0.303489 -0.042339 0.211015 0.928207 
138715030892789 0.293528 -0.029682 0.216183 0.930695 
138715050798882 0.276065 -0.017666 0.223590 0.934585 
138715070706643 0.254266 -0.010934 0.231294 0.938985 
138715090613726 0.231969 -0.003512 0.238365 0.943040 
138715110489924 0.211145 0.005260 0.244950 0.946234 
138715130224351 0.194362 0.014608 0.253534 0.947474 
138715151056799 0.182330 0.024592 0.263903 0.946830 
138715170010445 0.172546 0.035595 0.272399 0.945908 
138715189748674 0.163389 0.046774 0.277752 0.945493 
138715210394976 0.154534 0.056127 0.281522 0.945360 
138715229640705 0.146325 0.063222 0.284065 0.945459 
138715250142424 0.139634 0.067648 0.285679 0.945680 
138715269458726 0.134358 0.069207 0.287224 0.945864 
138715289292268 0.129203 0.071052 0.288871 0.945943 
138715309814716 0.123662 0.075140 0.291242 0.945640 
138715330826122 0.119316 0.079880 0.293827 0.945011 
138715349578726 0.118258 0.083598 0.294128 0.944730 
138715369567528 0.120746 0.085691 0.290569 0.945328 
138715389325861 0.124665 0.086481 0.284954 0.946455 
138715408881747 0.128411 0.088065 0.280779 0.947057 
138715428385080 0.132379 0.091188 0.278718 0.946824 
138715448893101 0.136614 0.092064 0.276870 0.946680 
138715468835705 0.139494 0.089676 0.275378 0.946924 
138715488699351 0.138909 0.088084 0.275800 0.947037 
138715508570289 0.136832 0.088764 0.278639 0.946445 
138715521337476 0.136989 0.087972 0.283063 0.945182 
138715541295445 0.139678 0.083950 0.286614 0.944083 
